1000 5004
304 81
340 631
434 374
110 595
308 291
792 659
937 341
327 935
375 611
683 664
998 870
492 829
481 342
897 467
377 958
309 736
331 795
158 483
895 851
362 653
536 815
864 652
442 703
95 283
341 907
231 645
979 396
621 937
285 241
508 633
399 762
756 284
865 834
19 639
630 8
613 197
635 184
28 503
301 687
580 600
549 760
400 417
610 35
168 210
941 404
49 910
726 629
587 939
655 460
34 861
328 280
398 863
788 182
419 781
959 914
168 694
206 914
117 130
941 141
391 185
819 642
837 815
89 302
464 830
534 732
793 995
556 713
540 710
762 594
45 54
906 488
84 684
584 77
896 767
115 551
72 289
770 904
75 393
590 167
306 779
791 994
313 935
188 578
500 970
708 214
216 254
435 151
397 372
163 369
996 436
440 436
539 832
545 235
575 1000
544 570
669 776
462 460
561 805
188 253
324 622
215 982
843 416
790 570
865 851
812 715
400 286
890 551
248 214
482 374
85 263
359 872
264 11
712 463
605 571
344 553
163 431
973 235
517 194
223 137
282 765
853 445
394 719
161 426
680 797
115 974
495 883
260 20
278 735
816 275
383 615
47 347
641 918
733 264
236 352
475 412
572 823
683 393
479 305
905 254
597 809
177 757
475 279
413 813
673 939
566 326
898 772
145 109
238 322
70 257
792 319
528 538
363 48
777 173
299 996
303 441
635 108
752 515
964 184
937 988
148 29
956 13
494 769
254 314
207 333
706 697
942 206
856 86
713 6
271 849
717 385
692 537
168 397
76 731
85 567
945 574
23 494
927 634
696 644
824 441
74 824
970 526
718 989
756 712
32 490
868 898
633 456
997 855
120 245
306 69
138 777
820 813
915 651
275 774
458 554
57 701
316 329
207 885
26 483
249 218
985 928
506 318
782 527
744 880
303 125
534 188
58 166
204 137
441 713
56 180
81 15
166 994
248 414
373 436
313 13
363 488
236 908
991 374
967 399
974 283
632 366
545 265
618 794
508 839
570 594
181 402
630 411
420 413
259 911
975 205
979 134
635 53
998 350
304 446
485 12
197 574
635 827
36 77
19 15
679 414
442 558
991 599
922 689
22 634
172 381
389 129
101 252
598 298
68 907
768 310
346 245
646 858
990 527
936 834
628 195
611 141
191 671
333 473
613 812
317 383
227 843
954 213
288 496
820 74
687 822
948 636
826 170
920 941
97 128
323 540
304 515
120 735
804 629
999 302
182 76
862 994
973 154
276 830
316 808
392 211
999 549
94 266
330 515
728 427
717 544
260 490
170 677
923 97
725 53
820 162
197 235
316 657
218 681
131 745
278 776
135 714
172 848
446 324
639 725
505 630
750 771
146 990
138 685
754 237
511 253
62 108
63 627
641 176
304 904
692 11
197 430
255 790
553 158
113 332
520 977
768 484
333 895
941 490
45 309
46 758
712 569
264 373
400 266
310 374
19 464
863 928
115 986
920 988
723 612
308 135
588 244
5 134
582 631
956 111
794 320
526 889
455 118
863 373
517 322
666 652
301 189
614 275
407 499
462 657
62 584
865 137
468 771
322 658
144 158
654 69
306 653
826 745
874 780
756 701
892 685
650 725
870 834
675 545
262 856
212 851
211 717
998 923
897 22
233 728
793 583
362 803
879 177
661 366
789 665
224 283
539 353
830 367
632 935
617 815
816 120
407 248
194 213
595 806
514 685
378 55
203 762
883 569
398 463
817 302
715 699
910 8
162 125
888 304
93 1000
402 450
629 214
829 105
481 528
254 136
586 631
303 774
867 377
474 753
936 966
223 405
331 908
522 745
462 523
374 244
780 660
815 322
890 757
418 437
607 325
504 196
333 155
355 882
667 779
571 66
340 360
216 65
333 338
355 935
763 889
837 428
954 25
538 239
19 296
261 772
744 429
29 522
407 522
954 792
231 315
744 609
489 227
923 917
984 690
256 550
964 824
965 63
189 685
540 251
100 472
192 105
686 486
267 12
123 515
549 552
363 461
14 779
409 634
606 673
956 107
98 904
687 857
601 710
628 39
469 173
418 661
54 562
92 353
458 186
44 225
956 218
575 222
845 228
246 53
51 594
249 563
566 888
329 788
311 445
240 515
840 944
945 507
815 993
562 647
299 823
11 225
250 612
161 220
930 911
237 969
737 689
57 854
718 777
556 67
425 877
267 743
318 175
946 128
157 136
584 396
451 288
468 529
566 593
237 858
255 15
525 171
664 100
166 564
517 815
742 88
67 797
266 247
856 182
361 760
571 982
476 658
844 943
782 853
23 778
975 857
814 243
191 206
284 444
216 933
660 427
622 731
952 963
718 922
257 838
735 535
96 287
569 213
826 507
120 405
943 15
987 330
338 622
144 304
743 484
573 884
426 275
546 87
104 564
249 685
430 497
268 388
927 298
237 851
609 576
349 699
301 118
385 961
560 839
505 778
194 371
177 265
50 537
371 159
605 286
734 788
626 133
3 381
277 291
481 850
888 195
883 302
485 91
124 269
984 854
985 935
695 248
642 996
57 337
665 835
172 142
884 311
832 352
99 364
923 91
444 976
871 539
140 940
345 633
18 250
38 564
973 71
519 752
673 862
165 465
93 859
818 299
103 311
490 200
338 754
715 945
38 903
210 594
662 532
426 592
940 295
817 567
959 976
194 129
62 424
395 768
140 658
234 309
932 694
979 684
419 784
79 280
864 44
58 946
956 263
816 167
807 371
341 660
741 535
108 393
206 365
297 695
227 818
104 872
817 790
485 213
306 114
215 44
307 311
437 18
666 754
174 907
78 721
192 640
464 677
690 204
66 594
303 966
587 962
135 433
519 336
793 656
146 81
917 547
756 524
153 385
265 18
207 952
199 235
462 742
503 824
362 188
551 681
309 270
975 360
991 287
78 907
560 703
297 559
56 462
840 5
317 564
871 493
157 330
802 129
70 880
549 377
291 562
554 705
956 365
478 164
208 883
763 361
727 217
571 480
489 192
508 17
760 857
702 66
338 305
560 34
942 941
580 464
121 90
654 346
485 762
306 252
651 409
860 429
219 859
739 219
990 720
688 326
746 452
723 221
274 292
669 913
394 636
650 824
304 544
692 699
999 49
809 414
529 688
604 248
203 997
201 296
399 314
384 444
989 550
864 758
224 187
739 441
378 657
523 936
772 401
840 832
983 72
551 138
131 299
950 996
511 662
666 779
258 268
684 235
151 396
442 843
905 632
114 685
191 448
28 934
837 456
604 818
146 813
842 478
608 309
75 409
572 811
24 956
276 789
227 980
820 472
597 797
998 542
102 547
379 170
269 850
468 699
475 767
538 173
506 370
298 515
608 531
800 74
172 565
583 533
964 553
108 699
566 436
788 949
54 204
590 50
556 134
79 283
691 603
707 242
218 302
263 799
70 635
992 848
142 457
770 910
38 592
990 13
739 677
69 366
708 851
730 343
211 848
506 509
52 340
473 236
718 667
95 109
758 295
240 7
537 396
45 222
782 474
216 138
406 888
663 415
885 27
723 240
464 93
702 611
29 213
692 701
876 895
146 966
664 183
628 232
573 825
260 415
906 515
989 270
389 648
907 944
927 427
506 405
967 693
640 858
164 755
936 417
292 914
723 462
957 758
82 647
11 567
304 64
161 679
163 368
491 175
808 123
572 140
131 283
885 430
334 92
742 946
321 953
572 594
894 436
604 951
905 765
240 55
269 677
630 356
406 370
775 464
725 741
738 250
23 307
169 568
700 338
461 685
196 151
852 322
619 457
782 263
983 87
14 173
531 5
588 242
550 953
38 578
717 978
115 675
591 402
113 797
334 579
942 969
359 585
512 97
821 409
626 694
54 951
143 823
937 756
329 20
812 889
946 493
817 578
434 828
630 254
328 988
628 79
830 726
325 530
614 848
460 547
584 291
728 243
156 868
32 373
351 268
216 7
569 671
967 428
629 434
271 158
936 256
167 281
949 273
740 634
907 283
233 287
840 305
342 348
487 662
325 311
71 264
74 60
112 652
93 373
316 932
722 867
120 135
331 888
882 731
892 343
454 862
536 547
167 741
846 699
23 865
700 305
84 996
927 352
620 246
717 688
531 821
163 770
365 119
440 765
420 486
477 776
166 710
557 633
873 105
233 375
927 844
269 60
787 12
697 577
754 105
510 574
47 552
496 979
224 796
494 2
561 369
455 607
447 668
728 734
394 165
180 163
443 55
346 498
21 829
775 281
601 736
618 334
447 184
700 195
927 610
426 640
531 128
127 483
158 886
864 29
258 81
223 449
4 141
697 99
248 381
156 286
672 751
74 947
473 889
954 955
664 473
166 555
144 639
729 132
300 400
194 911
231 278
384 604
432 685
14 957
775 827
277 194
500 921
862 705
511 445
521 193
316 971
585 461
235 977
870 252
523 962
554 423
604 885
87 731
880 544
720 789
312 866
902 12
373 647
890 275
945 465
356 427
736 570
251 343
142 689
89 555
897 985
844 448
351 576
96 563
668 924
333 314
864 452
102 720
273 629
637 289
438 9
604 46
604 923
927 159
237 158
517 311
666 460
480 87
407 388
444 498
85 751
231 986
526 796
803 951
634 993
661 130
663 318
972 499
868 858
906 558
687 423
607 771
478 367
967 662
878 966
403 106
971 230
609 127
854 947
442 14
400 319
116 369
643 690
820 916
709 801
628 685
895 967
406 235
428 188
380 837
559 457
527 53
220 241
224 244
424 385
685 281
707 737
997 365
980 299
798 854
693 830
495 968
380 527
659 569
787 35
606 805
437 43
144 348
297 761
743 994
779 240
446 332
431 589
156 599
623 404
26 988
221 415
296 405
793 428
885 483
547 63
540 111
773 774
854 434
428 625
486 813
489 18
216 909
271 622
399 421
654 902
147 235
775 547
131 824
97 182
391 77
409 753
981 640
528 324
782 467
910 644
583 486
641 635
928 647
458 946
537 587
261 794
621 112
337 428
874 640
298 690
622 456
568 383
201 890
181 889
992 603
845 151
851 111
275 113
912 524
774 218
123 454
50 922
750 364
16 731
897 435
544 247
421 758
702 4
150 449
668 236
389 450
172 982
727 473
28 997
89 876
762 214
363 356
308 739
197 939
466 514
613 466
996 332
498 319
776 677
565 543
819 332
909 701
492 1
864 355
40 784
664 309
768 54
746 836
147 223
618 395
727 319
846 81
676 154
337 330
487 998
660 244
664 239
24 804
629 222
991 987
1 751
775 229
248 781
727 609
11 376
621 617
693 364
846 315
521 51
469 444
860 499
511 860
315 974
962 850
597 886
391 934
525 979
927 240
948 704
358 564
357 600
158 132
936 544
778 445
796 524
162 869
708 908
565 979
21 807
592 894
608 640
218 574
918 51
539 239
632 624
579 171
852 267
321 175
780 933
871 620
72 861
101 168
502 914
71 657
130 312
701 388
956 908
461 128
82 106
227 728
691 658
490 934
585 974
749 355
342 397
16 713
218 829
709 859
789 834
295 935
521 119
167 405
300 988
92 593
301 745
215 499
823 615
844 936
591 763
206 938
138 360
177 221
270 647
451 882
628 253
880 924
349 503
371 429
720 136
972 12
814 430
686 483
115 268
219 388
409 55
921 129
440 251
14 253
58 4
17 242
273 136
864 480
458 459
277 576
156 146
61 233
635 153
874 947
728 90
216 313
87 195
89 736
876 964
310 934
345 567
99 68
925 346
727 953
321 962
466 672
802 797
786 12
551 193
698 279
756 305
632 90
995 926
614 30
392 681
632 388
998 185
70 709
31 322
89 463
549 374
261 259
296 740
745 922
676 4
790 410
100 713
619 939
379 885
557 1000
659 935
426 538
168 105
296 627
61 823
406 423
41 604
801 352
621 415
94 748
590 241
114 22
573 562
22 312
282 951
42 507
746 467
909 133
879 533
531 184
491 858
469 615
534 904
721 716
847 457
759 780
479 163
580 564
661 465
103 73
341 206
179 82
252 932
588 782
202 209
112 484
317 228
646 796
773 684
922 758
5 562
71 206
134 405
724 672
487 383
715 405
845 617
764 337
684 246
61 816
65 578
798 417
890 550
11 356
14 126
363 424
860 471
556 192
384 205
827 83
21 8
706 785
1 883
172 945
980 134
565 902
768 867
398 279
145 721
24 990
496 555
78 74
260 873
5 869
262 710
156 349
305 576
263 913
333 332
306 881
455 179
94 497
458 46
991 472
596 264
992 126
706 773
874 726
230 79
820 558
837 648
27 859
288 918
734 122
39 250
386 946
174 862
649 1000
339 93
526 760
709 243
638 892
197 468
342 850
765 239
643 627
326 589
936 92
972 830
207 997
406 767
830 568
446 748
802 467
143 626
748 514
890 689
257 507
521 662
495 63
831 433
189 86
65 869
557 324
263 656
52 202
837 736
927 697
971 818
551 281
94 935
40 250
593 463
176 801
80 747
50 574
482 9
637 83
305 714
913 238
786 645
906 170
198 31
254 541
130 938
666 776
649 529
526 707
490 361
309 819
474 687
348 869
720 272
386 755
207 601
334 83
816 771
211 81
102 927
853 829
236 63
400 896
78 717
807 650
41 63
646 187
3 652
632 555
812 796
317 154
541 805
66 465
563 789
875 400
398 827
296 432
839 576
643 835
384 436
184 593
538 221
171 988
554 181
72 595
523 928
176 822
249 736
488 616
140 849
767 279
164 658
89 951
39 232
920 74
756 827
321 54
526 368
837 432
358 550
932 324
553 182
754 753
316 706
481 712
922 350
477 480
601 564
62 484
585 722
948 508
734 195
759 745
608 444
419 783
332 911
980 292
478 15
174 175
247 107
673 112
303 543
586 594
237 518
92 450
476 911
746 622
167 176
867 253
315 552
248 982
449 542
451 814
431 465
749 257
338 110
418 275
277 955
301 415
386 456
277 171
856 644
824 801
582 825
114 933
17 278
474 836
625 396
329 95
864 958
42 278
924 427
333 928
698 860
90 767
705 783
971 473
556 893
750 414
527 340
190 615
109 644
202 294
679 824
167 839
61 651
761 506
260 666
635 401
837 128
995 151
508 538
614 353
600 716
422 36
44 783
779 873
887 767
262 573
704 22
599 380
285 393
4 283
507 281
854 594
363 67
932 944
789 350
849 634
477 620
331 417
756 777
794 452
44 235
49 813
708 121
504 452
144 204
608 475
384 160
628 473
646 29
556 850
207 564
172 71
85 866
556 994
324 410
487 638
146 934
571 452
534 200
855 171
333 671
712 395
233 843
618 418
732 956
749 354
472 361
364 128
420 178
257 368
115 881
920 741
759 919
689 767
598 393
358 55
52 435
839 881
142 419
659 444
808 219
165 311
791 441
906 222
301 258
643 569
655 436
78 802
672 409
480 235
812 292
557 946
706 492
853 107
871 892
363 852
12 988
87 376
987 323
52 728
56 148
554 319
96 632
242 195
375 787
925 500
673 27
488 138
409 689
640 332
839 548
718 986
844 689
516 918
773 763
125 824
190 519
186 576
251 701
234 104
34 228
509 178
517 361
144 784
956 74
21 828
462 120
62 733
641 801
980 509
466 720
267 122
982 914
641 998
968 914
509 35
492 29
536 118
847 933
242 107
572 178
499 245
45 886
209 274
891 378
700 92
140 449
659 701
415 388
54 716
572 694
646 853
838 320
907 731
941 978
999 959
233 383
747 911
334 710
462 933
110 9
58 825
187 483
23 9
313 413
938 677
885 367
983 426
872 279
875 258
162 530
469 904
678 291
310 388
861 347
921 33
689 634
893 631
908 361
503 882
701 429
124 547
570 376
218 405
255 253
845 898
663 74
480 886
206 403
278 44
632 923
157 853
251 912
52 165
72 979
89 603
808 861
897 73
406 882
298 726
61 90
172 374
99 872
485 607
930 750
406 356
607 32
112 547
96 436
386 971
529 320
188 904
258 863
518 583
27 113
85 138
875 846
180 776
62 77
28 42
534 63
475 771
648 196
477 486
315 503
775 270
709 805
800 436
733 938
620 882
642 705
438 910
810 184
114 541
957 183
907 374
976 302
339 640
730 589
323 913
394 963
968 90
879 945
236 725
38 644
664 296
222 79
288 851
704 628
524 589
500 98
852 511
102 234
328 865
927 495
267 854
967 403
471 533
184 951
858 416
738 815
213 128
981 984
597 37
231 148
838 388
398 240
628 984
884 578
849 416
333 346
649 553
923 717
855 53
250 811
344 386
549 192
71 49
695 556
513 822
696 632
131 356
276 974
703 993
800 735
814 657
522 502
321 918
10 465
565 443
841 725
200 171
109 783
644 465
536 687
52 126
683 960
998 299
79 6
447 353
585 133
144 461
218 332
511 705
147 639
849 520
408 701
338 889
891 919
673 400
655 949
124 457
35 53
418 320
76 292
852 626
466 286
856 373
933 644
643 12
212 880
521 294
888 763
85 776
47 65
582 3
909 241
341 356
140 484
163 403
862 222
807 587
591 302
422 26
78 295
502 913
50 711
616 484
428 322
51 777
654 575
70 552
566 790
812 428
71 667
867 797
918 549
404 30
354 279
879 788
157 141
505 527
287 542
950 330
788 17
894 415
956 402
888 659
139 857
157 904
618 682
466 687
531 753
808 938
952 644
441 352
957 653
769 213
135 603
165 794
260 448
857 86
306 842
661 87
534 855
668 784
461 46
796 266
246 753
500 564
709 397
31 602
362 431
125 129
491 916
184 226
96 393
742 784
941 832
519 831
508 772
732 209
749 781
255 9
632 204
203 31
223 974
477 31
574 439
189 192
815 312
963 143
256 951
524 532
749 595
678 465
147 692
596 976
499 360
297 909
172 15
49 263
176 645
49 12
616 725
513 688
271 160
231 113
844 371
358 603
26 869
544 805
844 74
778 833
502 299
12 88
591 300
609 725
476 922
890 471
191 19
618 269
466 526
910 993
585 9
234 185
271 907
291 434
524 3
590 239
739 381
479 788
92 834
355 209
694 433
267 141
68 765
556 469
679 865
52 509
762 677
278 823
602 741
395 389
489 977
697 527
293 673
220 839
477 847
114 907
153 911
354 433
769 25
853 404
268 993
160 250
591 827
536 400
517 210
984 739
96 972
708 229
337 280
746 571
84 423
711 721
611 280
182 128
437 627
702 364
199 251
424 131
852 918
983 430
581 966
379 153
605 682
749 581
418 609
757 543
188 302
481 284
499 173
392 230
600 139
142 966
103 535
657 633
679 553
394 310
424 108
153 562
795 111
797 671
925 437
484 731
454 892
102 171
548 503
329 670
43 966
883 854
437 715
41 274
488 253
630 33
650 419
870 624
816 903
170 244
550 371
659 796
71 122
825 370
892 393
296 352
524 978
42 140
316 867
742 67
780 689
52 232
14 547
932 226
35 373
458 515
187 445
631 574
597 762
830 373
880 552
583 108
842 652
907 421
379 611
644 589
95 859
520 627
775 741
794 555
599 347
582 241
395 25
72 677
339 443
491 624
517 521
774 978
495 279
478 309
864 101
135 524
335 771
466 174
500 919
584 639
840 906
971 633
933 729
734 689
40 989
936 914
217 405
633 578
832 30
942 546
265 25
981 120
11 493
102 269
123 919
641 568
606 399
814 278
143 834
37 459
663 395
132 335
723 689
761 486
454 537
707 894
389 627
12 63
506 286
838 247
605 557
861 579
695 652
221 889
318 198
420 424
585 378
908 564
121 299
565 757
434 128
967 347
970 205
386 834
882 996
756 139
681 73
276 733
371 175
494 471
954 873
446 862
719 385
509 474
971 735
147 498
220 472
497 136
722 118
356 238
47 802
284 215
604 118
592 549
418 480
827 465
593 633
425 452
392 582
964 555
983 281
932 393
732 466
733 903
130 819
556 128
958 564
573 446
545 839
21 884
800 871
860 438
675 904
840 286
16 144
751 658
790 774
773 385
712 978
518 858
741 578
299 6
797 283
525 182
230 644
624 760
621 386
514 393
602 883
403 731
23 258
207 545
262 414
372 86
766 784
840 252
870 366
751 624
231 522
956 856
115 40
207 923
741 292
530 238
462 222
407 186
321 236
40 494
303 436
540 809
72 768
343 8
848 427
406 496
590 59
242 294
979 430
779 846
653 873
728 715
638 775
489 185
234 457
143 955
536 499
576 872
494 432
59 558
1000 564
23 540
632 521
302 615
304 66
394 281
160 396
876 594
454 866
606 639
58 516
500 854
207 558
704 936
267 584
316 114
690 894
341 436
153 244
880 863
127 553
455 332
789 737
504 405
575 687
207 10
485 909
27 688
894 872
15 105
400 185
402 597
883 449
440 149
424 79
468 214
208 849
950 192
305 788
344 487
227 767
750 787
669 643
57 90
808 213
998 121
827 922
719 587
170 405
712 522
869 90
194 665
856 193
910 564
840 155
967 573
323 62
550 961
956 767
102 202
758 311
657 12
870 516
565 165
68 113
489 476
362 850
400 784
733 865
75 564
901 533
479 569
980 505
154 141
892 1000
211 468
770 805
123 182
837 707
70 932
363 170
970 811
313 402
794 93
175 857
65 241
816 535
871 548
442 405
413 684
91 913
786 179
363 59
457 434
101 835
546 944
871 238
526 330
984 445
379 219
514 809
399 579
167 977
917 2
361 393
239 735
902 163
392 296
908 625
600 514
639 962
362 128
696 171
271 645
237 170
384 482
310 542
26 446
120 946
190 693
871 972
906 67
229 225
420 360
452 913
531 347
884 917
23 953
812 868
683 628
47 954
62 900
304 152
162 849
948 941
328 675
344 944
243 326
792 551
556 866
455 870
541 767
301 378
525 357
357 312
413 502
503 76
146 774
255 696
418 481
592 815
973 553
150 97
759 248
779 486
191 636
517 385
340 343
620 703
382 565
950 694
590 996
827 498
369 107
369 958
885 253
954 416
100 237
282 456
746 789
548 108
965 53
969 465
231 475
750 35
273 877
883 468
442 146
867 280
664 873
407 510
617 996
598 845
929 311
397 634
180 383
895 261
653 13
610 545
304 729
974 353
291 542
482 985
102 406
653 30
599 507
379 674
306 139
623 497
553 154
455 419
572 735
370 483
697 132
906 805
978 226
637 319
430 295
47 358
89 487
608 43
168 296
939 603
130 236
920 151
190 18
873 940
820 282
694 266
1 694
571 347
40 204
534 827
294 60
99 513
832 877
46 283
284 98
32 11
288 640
683 322
108 235
246 188
878 899
519 296
169 377
460 355
208 716
581 133
526 689
217 767
920 367
795 720
704 907
511 109
482 579
577 244
759 650
85 891
52 48
626 555
936 367
512 953
349 401
167 108
957 326
997 976
301 985
749 499
948 97
240 278
377 758
277 551
725 966
338 456
481 847
980 849
51 947
179 776
379 214
435 434
237 873
765 264
702 949
421 715
170 368
632 827
743 312
729 781
16 475
916 465
795 35
328 459
297 921
799 828
655 522
106 645
655 845
765 850
948 867
843 741
878 691
484 465
112 904
349 597
821 97
815 988
991 788
907 417
321 774
474 982
968 126
479 724
418 805
276 96
607 160
630 195
814 959
890 116
284 651
727 145
378 832
967 107
531 484
939 634
591 109
149 36
414 714
316 833
596 198
773 625
81 112
484 543
303 752
786 596
72 15
788 250
203 497
98 137
596 58
689 647
523 770
807 785
395 675
216 527
899 107
202 769
216 470
721 314
723 631
649 888
10 92
727 754
441 705
359 948
970 238
269 396
110 244
400 138
364 219
274 415
66 18
478 343
243 699
444 195
852 192
508 628
156 2
938 343
260 428
971 348
126 784
948 904
440 46
226 195
917 524
247 281
271 13
404 159
42 169
411 548
11 459
103 801
553 872
606 796
626 347
516 859
596 223
297 560
546 857
47 73
506 839
983 827
765 868
566 266
72 389
329 428
371 851
592 486
198 548
817 611
885 533
979 486
874 504
300 365
959 777
949 872
329 746
18 848
802 822
259 828
684 11
63 53
778 64
561 848
447 672
469 939
697 193
877 65
379 825
290 979
792 92
187 312
260 239
813 111
293 863
45 133
495 258
503 483
630 877
70 706
363 340
234 571
680 444
607 436
221 25
849 848
995 452
960 290
172 8
870 499
120 889
598 665
964 457
358 872
551 524
751 771
256 83
771 193
885 970
583 183
116 861
958 785
987 878
945 214
269 480
562 312
839 758
632 564
130 305
59 64
478 923
885 340
147 81
9 270
157 595
526 403
488 918
397 911
87 951
573 309
476 757
242 499
9 159
395 467
659 894
25 319
479 164
540 490
851 314
85 802
124 835
260 628
125 33
141 828
172 516
199 880
584 463
240 111
422 12
26 877
724 305
10 73
636 517
838 900
217 433
145 444
491 901
661 182
746 595
884 575
386 958
837 88
234 350
249 985
855 34
780 338
453 415
431 423
881 423
474 13
590 247
831 572
723 415
941 428
118 866
598 119
546 444
506 87
333 720
146 228
554 508
793 205
23 789
668 97
101 533
814 386
16 77
52 718
588 776
809 634
94 524
627 850
757 911
82 244
704 250
885 736
580 904
580 753
440 108
208 235
641 772
749 283
358 59
261 383
277 933
362 54
351 116
632 758
338 853
605 565
104 335
620 8
32 993
207 210
531 82
937 367
773 294
41 885
13 171
340 570
704 845
890 668
190 797
375 617
691 280
266 312
156 294
821 997
495 899
643 80
558 615
972 343
722 274
902 869
703 449
317 134
535 388
375 69
583 544
327 298
508 752
327 486
275 849
341 820
683 86
494 870
443 720
779 858
708 547
655 617
31 116
732 332
989 603
538 399
336 560
206 863
428 429
708 690
160 947
262 902
604 822
254 214
826 677
341 223
478 112
596 563
282 138
130 763
744 870
27 93
875 83
729 892
14 555
915 767
590 368
773 779
830 291
478 937
962 574
524 281
999 615
70 640
814 803
892 132
435 204
917 848
475 933
461 936
900 713
61 751
338 513
941 779
35 547
121 514
263 368
183 86
186 246
93 132
762 104
599 622
610 54
999 272
782 789
407 843
749 670
588 87
509 497
475 835
574 6
366 242
426 993
891 910
667 833
216 593
641 560
804 452
398 856
71 914
139 753
189 109
228 835
491 79
249 194
802 562
451 465
840 69
908 241
505 17
435 648
419 15
661 975
299 232
853 439
19 757
430 472
33 452
74 629
329 203
168 71
548 946
149 422
389 834
880 67
874 617
998 974
250 335
538 274
932 326
950 877
827 949
233 908
331 255
189 522
44 134
482 97
240 994
176 705
487 252
733 762
837 335
766 127
513 137
315 671
932 725
437 967
810 355
668 979
510 416
575 892
299 295
392 131
998 338
800 181
804 602
732 893
885 629
124 528
661 541
55 866
983 28
481 424
135 383
43 430
730 647
145 662
142 553
57 368
344 859
71 866
610 538
883 360
723 924
732 936
905 623
871 300
155 716
965 807
217 665
145 223
952 153
58 517
865 371
682 434
740 195
148 256
799 416
395 659
123 374
678 136
454 553
74 350
697 894
94 949
168 364
167 140
207 21
851 484
46 397
600 676
810 483
549 975
363 180
400 186
660 883
610 239
607 995
377 631
933 547
742 846
210 439
191 363
525 940
947 713
698 951
611 340
773 77
915 699
649 522
544 966
501 356
639 642
527 553
609 197
254 242
788 209
629 467
610 919
668 36
192 218
710 427
964 847
306 366
306 699
818 195
592 205
751 652
757 63
150 520
419 185
817 269
460 452
765 762
66 725
180 763
353 105
695 292
554 261
76 436
917 218
94 652
334 403
709 99
120 27
271 873
862 961
216 324
489 170
487 862
843 801
550 951
380 195
422 283
722 277
135 569
85 428
191 42
620 143
934 836
840 131
841 283
308 214
382 885
842 906
337 977
559 908
870 18
443 390
942 627
798 977
341 735
307 918
16 980
551 139
440 640
807 680
47 542
521 332
852 904
844 239
525 386
587 767
289 272
952 80
571 332
898 20
717 699
943 758
847 43
309 689
156 749
361 901
659 993
215 984
491 562
733 539
967 55
864 982
494 17
518 839
461 813
301 377
690 878
893 810
162 961
254 299
329 112
203 737
661 778
711 482
518 653
596 936
575 771
544 579
156 281
746 92
675 846
927 161
443 896
382 662
661 21
842 264
398 184
189 69
478 546
227 148
728 257
944 55
717 901
800 209
558 218
451 434
843 241
938 377
989 537
386 974
42 35
478 717
435 509
246 244
102 963
747 132
306 57
752 388
576 265
628 385
313 524
521 87
250 823
596 304
227 521
85 906
485 949
303 740
860 44
588 105
184 287
203 461
478 514
733 383
852 924
227 918
426 1000
211 688
860 617
983 790
219 151
409 15
698 162
826 95
675 785
313 315
810 667
604 880
775 106
83 55
85 295
823 901
930 261
455 95
65 25
312 758
201 128
202 868
223 530
227 228
725 882
300 204
289 412
613 468
176 279
50 90
964 653
514 896
54 355
595 185
164 214
573 110
258 760
61 911
478 839
847 30
651 774
601 285
712 312
814 721
414 928
929 309
697 818
663 132
955 652
777 681
500 253
618 567
448 848
51 579
602 881
824 652
363 248
125 850
293 642
402 436
756 411
349 603
500 439
120 968
616 845
526 976
447 498
566 374
323 32
586 173
218 858
346 828
698 116
637 592
847 6
56 655
85 614
638 153
820 36
50 261
127 65
249 490
268 332
495 343
577 364
249 29
580 837
422 223
212 863
897 903
723 318
69 653
385 811
804 397
680 574
879 189
954 171
148 230
504 918
153 674
794 781
690 575
748 648
638 123
395 263
804 583
72 247
826 97
19 477
437 822
168 310
991 590
297 131
351 848
463 767
190 29
177 881
391 132
393 253
565 644
676 409
325 872
532 360
420 780
756 164
817 288
406 414
119 467
669 540
571 296
711 751
821 790
607 304
256 27
631 686
284 315
618 890
31 884
937 110
333 283
974 986
823 935
733 656
475 221
628 13
900 615
499 809
334 735
559 985
229 514
68 399
846 268
604 54
587 86
127 273
257 645
990 913
849 758
674 881
267 568
162 689
27 63
636 76
327 358
395 198
879 107
109 751
751 877
884 547
114 290
316 23
338 878
451 914
649 50
922 872
841 574
590 227
224 446
884 15
303 865
596 529
960 98
891 416
235 544
268 250
970 982
197 389
508 299
181 950
819 410
992 504
831 986
501 505
408 25
929 602
246 9
199 133
584 210
800 325
489 402
948 882
878 578
737 574
257 833
172 340
873 911
323 704
160 238
750 857
201 873
606 797
980 30
556 498
792 483
207 712
119 417
853 369
257 303
812 407
345 412
179 725
491 208
75 74
442 955
96 634
845 961
616 310
887 598
727 957
447 304
316 358
560 947
774 214
791 636
36 631
843 65
844 286
294 374
426 509
906 803
317 549
377 471
729 912
414 90
63 671
697 516
628 792
898 415
666 79
251 548
463 714
115 250
744 553
637 513
138 597
489 59
747 532
288 479
486 716
418 147
843 175
19 170
257 719
630 959
123 642
218 914
596 688
761 298
815 859
616 611
267 822
558 823
307 346
987 594
826 348
936 959
131 309
115 271
173 381
391 913
321 522
259 824
180 612
380 185
826 463
421 36
518 594
298 555
435 118
599 115
688 873
378 470
487 516
602 860
931 373
219 624
588 786
826 5
917 767
440 237
793 769
333 19
675 667
571 717
411 828
763 835
451 846
585 167
490 799
895 779
736 640
476 395
954 360
341 82
759 562
62 247
27 947
319 410
538 446
476 717
756 47
349 858
630 512
688 332
229 361
546 445
174 490
586 17
434 866
678 619
492 103
221 106
690 13
59 806
742 507
618 91
874 276
786 968
188 872
545 677
359 391
755 926
712 994
664 863
960 416
852 886
983 76
853 411
965 12
731 332
56 911
54 366
572 373
21 351
560 922
814 995
321 838
122 845
194 302
12 361
485 765
786 234
488 74
826 366
655 178
749 431
779 457
853 66
156 918
391 173
527 129
931 863
492 964
697 686
38 470
167 860
84 153
522 445
23 813
316 281
407 690
636 504
730 568
621 364
233 571
844 205
610 200
58 253
24 592
235 356
832 370
775 178
191 696
672 912
233 318
674 908
859 911
328 198
165 279
457 806
920 394
123 131
518 878
633 778
118 281
462 714
85 533
874 49
485 299
262 831
309 738
415 486
557 60
89 252
248 343
447 921
49 346
51 193
252 409
420 38
379 592
256 827
757 90
840 222
525 559
485 114
34 264
451 62
711 549
492 287
521 740
59 677
814 567
983 537
980 885
270 988
34 126
146 611
19 198
178 445
459 578
157 611
318 1000
66 266
34 291
363 411
239 691
793 707
973 522
333 352
78 854
118 131
712 658
84 279
907 721
375 272
378 737
641 567
750 343
143 670
971 37
380 454
461 550
761 493
443 490
7 165
209 886
637 504
485 123
380 16
364 264
932 97
754 522
664 361
654 690
248 978
693 617
800 889
817 829
488 619
810 762
473 71
296 29
811 283
795 958
460 784
131 524
818 629
963 17
874 35
476 409
305 228
842 847
678 969
734 250
700 446
979 241
462 583
449 292
603 813
642 483
842 993
75 245
455 163
884 239
74 770
208 530
257 733
669 682
448 918
451 898
139 642
146 962
842 679
790 940
203 265
756 926
723 101
860 520
561 728
636 116
545 614
287 314
620 939
651 815
604 730
649 919
572 281
827 3
635 143
496 364
663 804
744 376
336 833
891 46
446 846
108 332
473 640
387 960
846 783
208 480
831 600
355 806
929 538
820 751
418 213
734 315
837 208
440 40
357 374
514 232
289 615
124 886
413 192
203 291
271 806
676 721
9 449
336 238
849 250
865 861
248 405
40 434
157 656
174 310
527 955
732 703
277 133
203 517
38 11
148 881
773 76
866 850
728 745
11 544
472 689
484 631
491 833
948 166
52 915
61 9
351 18
876 903
481 788
685 772
173 332
31 743
512 687
451 141
566 347
389 530
91 434
335 928
795 26
629 67
774 291
254 671
704 619
678 690
45 914
393 772
62 527
378 450
676 705
91 918
311 388
990 428
43 324
153 81
852 739
870 198
245 822
391 705
530 283
508 982
664 2
409 681
382 444
610 86
557 716
709 989
956 507
43 213
744 827
581 439
379 662
548 221
65 214
364 527
696 141
212 819
331 229
720 77
100 17
929 715
820 155
275 160
485 916
641 454
56 610
201 4
584 454
511 916
490 11
782 958
631 376
353 961
334 221
524 1000
852 493
595 385
882 232
948 824
572 439
554 838
519 679
61 779
338 38
998 792
124 416
514 911
732 250
696 192
697 954
78 832
349 785
832 640
100 393
852 250
504 305
613 370
126 834
666 917
682 943
992 454
794 139
146 881
706 482
727 422
488 656
50 139
523 97
696 180
309 377
592 944
646 157
354 850
313 854
706 990
670 279
545 616
640 326
566 777
509 770
310 430
718 772
131 743
120 629
664 892
265 986
51 863
585 96
234 94
234 555
162 220
698 506
493 270
773 935
313 966
937 544
255 536
635 80
692 9
641 516
531 141
952 182
234 722
218 848
573 197
89 287
887 997
732 651
432 383
912 612
656 809
291 665
758 822
19 27
148 523
845 347
408 771
560 128
407 762
227 279
798 851
148 169
820 175
182 757
168 338
47 436
682 261
695 147
599 982
389 287
825 909
717 423
131 958
21 656
704 990
316 845
796 908
600 53
211 715
619 326
565 851
83 996
180 503
56 648
964 371
588 77
637 602
206 409
766 385
704 909
600 537
329 791
656 347
7 933
750 527
435 589
990 595
310 188
475 546
259 625
277 370
336 978
172 514
384 607
489 244
287 73
216 714
54 177
94 866
126 193
44 741
24 1
389 436
135 949
331 595
393 945
925 952
397 873
14 770
717 416
863 385
96 33
158 107
496 843
761 587
635 571
262 861
817 989
24 128
641 974
408 611
163 286
199 580
455 403
348 335
719 872
310 53
390 815
389 86
377 904
818 928
983 760
378 108
580 241
199 323
78 658
293 650
800 671
308 129
744 96
689 286
637 629
712 692
837 686
867 268
91 4
455 106
702 612
646 635
97 829
792 843
831 693
249 106
156 754
425 147
16 778
36 904
608 281
700 586
938 390
70 545
496 834
885 488
262 259
262 852
156 463
158 944
602 977
490 986
70 155
808 934
327 189
93 645
919 850
446 699
991 805
800 143
104 993
359 748
965 465
217 307
495 919
679 441
789 542
847 555
121 441
359 469
775 80
464 303
391 811
836 574
981 177
12 247
912 472
87 88
325 829
458 776
518 860
115 745
3 396
649 756
80 351
43 94
852 533
997 81
852 383
301 602
231 537
626 463
55 416
700 60
773 923
989 250
442 299
560 403
816 877
980 703
269 317
693 558
712 302
24 848
876 664
751 919
473 740
165 171
573 319
406 335
61 437
262 149
242 452
491 184
621 828
692 713
768 778
127 281
293 865
440 683
541 507
955 348
385 801
237 975
264 681
318 193
211 393
412 30
161 215
413 570
680 135
138 483
591 106
789 484
166 867
27 369
194 684
729 757
217 680
197 823
430 128
682 63
497 232
920 584
940 302
559 633
391 460
545 877
428 935
489 31
32 589
343 951
986 969
308 128
72 49
708 459
188 283
940 445
501 204
787 936
728 885
712 602
748 835
148 115
219 361
521 564
517 272
149 859
114 911
461 36
890 950
725 221
670 381
656 1
964 602
161 275
640 869
140 259
491 910
447 952
655 49
669 368
190 994
948 410
271 916
153 376
277 587
403 699
259 222
613 835
190 785
874 974
449 326
786 904
804 533
623 731
167 857
571 92
95 705
336 806
951 2
725 570
63 423
448 463
980 664
485 529
358 865
328 330
100 60
591 404
902 674
595 396
777 17
840 54
963 762
51 865
289 916
587 205
608 392
860 658
35 193
494 965
530 352
980 7
646 326
651 962
817 11
817 865
503 322
455 479
810 250
692 710
683 719
577 320
43 729
733 537
693 108
720 97
849 690
722 510
501 128
971 510
366 388
912 913
12 863
688 178
89 27
269 232
419 996
663 914
500 410
689 872
999 960
552 295
790 116
197 326
971 206
751 640
574 801
172 62
478 305
285 304
618 823
69 284
883 412
289 30
418 516
40 985
437 633
773 292
233 654
923 373
563 922
546 126
729 390
345 684
271 11
878 801
19 409
425 948
367 946
408 579
387 656
95 376
512 823
351 55
675 152
641 597
237 535
36 137
937 993
169 405
258 792
498 910
574 410
706 340
775 524
902 320
837 628
144 640
14 832
39 381
420 597
97 822
987 13
541 219
953 640
303 823
745 253
491 360
271 995
770 405
561 250
737 238
369 449
138 940
596 896
23 180
218 247
762 222
121 206
874 500
711 593
254 402
933 226
227 874
368 647
42 660
659 719
24 414
722 13
557 535
51 54
802 350
824 250
61 270
900 396
338 946
822 423
102 762
124 985
669 900
289 959
324 797
236 482
708 276
257 214
590 508
349 328
78 972
246 913
602 858
812 312
84 523
618 828
72 243
110 986
915 259
37 699
187 936
791 249
468 617
704 48
267 170
210 238
905 25
80 625
218 225
625 615
613 176
475 754
59 933
117 797
575 881
262 99
13 848
601 27
358 183
433 805
749 361
202 622
626 483
455 157
737 30
408 235
936 66
650 959
632 670
101 415
67 515
706 539
14 281
840 780
970 652
114 167
9 427
580 886
628 886
799 985
357 437
925 319
505 963
652 994
608 599
500 518
91 672
929 32
494 543
942 563
484 335
84 980
485 888
750 614
240 530
455 73
604 964
517 794
536 578
387 647
101 567
284 550
638 669
454 8
420 755
20 88
269 241
791 907
313 824
420 1000
260 977
779 835
598 371
637 97
583 670
986 299
899 615
19 650
41 371
573 933
522 137
321 898
123 411
582 829
179 848
127 499
944 809
73 835
509 221
862 520
95 666
26 959
261 633
480 843
122 548
780 779
620 253
286 196
126 370
146 939
182 416
698 313
366 886
476 821
723 307
724 163
999 19
768 788
230 412
124 316
379 44
892 79
661 105
21 383
166 856
516 745
866 634
762 914
229 546
216 778
108 872
319 279
236 916
475 827
131 77
574 483
761 216
887 616
113 833
375 770
729 813
676 343
367 365
36 569
469 520
628 616
628 37
131 986
912 899
56 483
679 438
528 913
672 726
486 914
395 484
161 556
355 383
842 583
865 909
420 484
19 311
534 489
464 342
428 356
527 423
539 868
507 829
38 751
374 241
610 273
276 208
632 254
426 325
563 945
135 160
757 272
708 520
639 371
217 632
874 746
399 735
972 884
368 385
719 427
425 222
358 843
797 483
981 518
980 498
207 769
655 432
696 650
73 314
678 388
518 729
223 776
666 340
408 903
509 385
830 707
57 822
325 137
743 414
840 607
892 904
371 48
382 561
382 298
268 270
774 726
96 681
795 639
299 185
909 77
709 419
399 486
161 355
660 214
879 450
975 642
59 729
426 755
282 725
210 529
447 667
581 692
359 997
804 886
14 757
698 496
979 912
22 671
208 595
392 782
742 969
600 413
531 815
365 757
97 335
810 138
345 320
442 770
452 340
706 830
169 681
536 863
479 155
305 570
786 75
626 564
257 866
378 111
367 731
184 281
462 979
504 934
728 827
712 640
531 850
508 547
802 80
531 871
592 763
402 6
476 1
942 739
59 734
855 923
293 639
304 589
987 439
489 800
641 363
695 784
628 982
57 932
222 302
386 424
171 578
868 356
853 136
780 741
897 617
851 691
311 716
954 720
588 577
719 869
80 402
724 80
101 158
230 996
267 196
750 517
609 144
700 668
663 702
964 988
29 834
28 718
929 348
987 564
420 542
55 658
496 305
865 690
621 974
461 151
792 474
372 388
378 128
45 131
472 314
272 439
704 674
375 668
545 280
902 589
29 73
924 13
649 286
450 219
676 86
698 824
788 247
69 615
113 326
723 765
333 889
382 2
230 73
675 693
765 854
930 320
395 593
761 955
420 835
884 869
495 115
933 691
786 931
870 784
27 662
528 524
341 601
289 579
336 648
253 445
329 271
441 381
115 849
43 163
267 627
122 507
341 970
200 644
363 910
254 132
733 612
113 859
476 345
650 735
280 286
670 578
672 213
49 265
333 882
952 894
450 671
424 853
731 677
698 195
257 964
667 298
406 690
78 911
816 719
49 410
693 913
31 798
489 439
803 373
262 759
955 283
511 636
203 330
581 279
148 276
334 912
614 445
890 922
46 441
451 427
470 645
52 32
608 870
592 736
216 543
23 44
921 87
743 104
821 719
918 315
744 330
184 762
191 524
343 928
167 895
861 760
571 389
550 859
229 298
663 109
847 496
769 160
476 542
126 721
817 200
905 467
509 532
837 261
488 279
561 83
950 18
511 216
930 24
752 270
491 915
138 200
437 755
168 121
78 266
438 253
160 374
46 307
818 312
638 137
437 419
464 364
732 259
181 3
435 888
275 450
593 195
920 909
494 928
409 226
890 304
357 322
638 685
328 834
952 851
936 13
691 415
131 813
830 259
560 222
557 900
669 159
318 119
395 926
50 282
440 177
931 818
362 686
249 889
509 845
516 67
148 552
754 959
960 165
349 932
650 918
291 472
262 622
963 184
411 151
674 445
729 587
586 267
966 360
697 626
455 91
593 961
120 665
798 433
306 22
840 690
52 360
452 567
474 6
330 771
614 624
847 794
142 464
594 279
632 414
527 677
210 195
600 956
565 353
144 8
491 284
861 352
14 520
293 902
575 205
116 809
254 397
300 63
581 278
157 377
673 49
394 598
752 754
327 937
309 430
917 175
821 752
655 256
842 410
413 597
443 741
179 261
29 789
492 438
183 79
538 106
282 518
389 866
156 422
506 559
123 535
954 159
680 962
807 193
929 378
920 949
916 295
233 28
684 182
47 235
505 910
208 135
474 778
545 430
115 532
331 755
722 33
334 310
207 44
814 689
874 358
991 215
503 977
469 310
489 981
805 396
678 138
826 444
674 365
494 859
309 774
443 138
57 779
364 667
637 536
121 847
285 430
124 378
197 151
189 945
642 741
491 902
511 737
554 799
331 71
496 784
228 136
230 843
925 297
139 423
140 811
839 818
300 226
163 575
572 239
511 141
719 360
683 718
871 592
599 96
338 309
986 370
563 916
562 677
602 946
545 457
695 517
950 823
20 982
809 372
189 241
629 982
126 522
973 122
980 235
450 503
714 919
76 996
732 319
237 104
297 645
440 688
921 648
222 594
5 573
779 806
357 197
870 371
812 197
654 211
505 11
16 266
894 373
161 855
418 863
317 730
654 196
920 389
293 520
262 921
598 18
174 975
29 493
362 144
197 470
659 471
821 973
308 123
377 873
660 374
843 713
928 783
995 463
42 503
825 44
917 670
296 17
847 614
577 134
278 1000
831 66
796 160
179 290
92 529
672 547
530 427
711 55
144 967
905 624
56 553
181 825
845 652
455 757
257 278
520 631
460 653
956 690
66 946
28 822
300 150
197 757
732 335
984 988
880 533
590 736
639 467
403 352
646 492
868 799
522 726
317 869
