1000 9896
191 924
142 714
964 266
280 335
669 203
137 458
507 481
829 517
498 823
281 811
835 140
765 723
472 870
532 180
327 472
856 524
963 720
378 336
976 357
995 195
722 889
670 489
284 188
967 153
371 654
792 631
99 103
194 337
288 278
363 298
199 960
576 953
961 241
283 493
969 734
217 353
326 461
2 399
644 994
131 49
973 874
162 841
625 317
787 538
112 200
59 435
829 171
499 568
745 816
652 420
701 977
832 96
230 267
240 717
736 396
28 748
984 714
641 703
184 914
495 770
372 710
712 444
27 556
324 708
324 250
953 750
699 478
702 915
925 18
758 575
392 794
618 130
324 9
158 597
181 384
183 214
441 307
877 921
862 280
488 882
306 472
806 780
254 857
238 322
93 709
3 741
336 326
278 569
157 296
450 466
286 84
884 359
560 117
48 345
470 128
769 479
698 495
347 247
218 72
661 330
574 741
96 548
621 694
656 966
274 185
812 697
6 256
216 472
233 542
158 740
898 910
647 521
482 295
854 55
468 758
966 335
94 360
833 200
246 423
230 792
564 72
986 998
984 592
596 601
890 378
981 33
490 524
201 759
257 677
829 493
325 862
804 665
437 832
518 939
867 279
972 191
344 888
640 805
382 784
844 573
594 680
235 397
248 276
897 898
654 266
315 166
170 879
796 559
672 741
603 779
453 220
827 835
59 189
499 306
541 797
249 799
182 293
559 745
544 435
176 93
231 697
608 944
475 203
43 399
353 555
992 474
682 746
242 805
78 135
500 733
449 581
327 604
632 276
336 433
923 897
929 204
293 941
756 701
211 686
930 238
159 736
843 531
200 495
216 832
302 836
13 687
360 213
103 903
143 28
755 492
938 180
208 921
9 88
484 830
98 811
143 306
468 255
327 943
665 480
600 729
284 228
144 607
825 440
535 637
386 692
758 366
481 754
243 975
706 461
190 714
283 36
262 69
766 805
657 791
415 547
52 751
93 389
938 742
155 238
891 824
149 516
260 931
300 624
943 238
400 38
718 682
844 545
495 759
919 81
813 686
559 62
67 788
908 198
287 283
326 823
74 212
57 389
725 787
979 171
62 845
690 10
982 802
54 685
861 211
989 30
922 73
82 218
208 247
969 210
606 793
888 478
989 591
432 68
514 30
589 634
129 36
723 396
671 84
709 161
603 674
289 702
16 914
570 281
970 607
609 501
862 961
525 527
305 436
436 682
897 168
366 815
58 228
665 436
81 205
245 882
211 574
353 210
825 830
552 514
419 525
849 192
834 692
122 642
141 1000
471 353
224 546
703 906
744 185
651 807
11 452
177 988
588 506
898 852
560 283
372 777
857 495
858 80
289 363
492 310
799 498
462 830
566 432
700 994
937 464
901 181
977 983
528 819
378 172
161 642
968 750
520 782
5 273
248 656
657 866
164 438
57 578
633 547
799 796
526 124
363 222
236 96
95 303
265 926
486 664
610 164
505 498
912 350
14 690
753 692
378 723
218 952
899 505
386 220
116 323
813 291
923 495
669 147
504 37
876 325
54 649
334 425
610 390
141 503
235 484
537 274
42 848
336 573
466 176
283 874
471 193
382 484
900 779
82 480
279 734
487 603
457 540
451 475
376 940
396 328
845 214
836 431
640 210
414 221
290 471
773 410
42 660
519 170
981 615
998 399
581 637
33 447
180 314
916 502
190 247
507 81
713 670
163 701
458 567
864 453
340 752
312 898
798 769
615 13
507 206
7 645
32 479
346 755
256 535
385 949
939 362
59 459
52 897
809 778
956 751
127 348
204 987
655 27
815 149
252 975
992 682
758 449
351 917
732 676
568 317
790 332
496 360
444 136
675 540
326 236
130 411
633 906
995 751
27 769
358 221
841 245
344 955
899 469
598 715
219 598
970 802
845 694
116 470
288 945
497 665
685 222
998 111
357 893
953 606
58 442
556 333
722 101
25 179
408 37
542 904
335 906
449 975
945 962
91 446
589 403
607 862
370 331
703 671
232 376
239 95
685 785
987 804
147 350
590 182
371 764
800 564
807 664
512 120
851 695
356 255
930 314
346 949
555 203
740 69
650 173
872 85
57 617
803 905
48 53
276 527
561 719
953 499
15 226
937 296
177 663
422 160
908 671
204 872
926 501
265 756
450 552
606 343
109 805
93 416
57 634
22 996
444 78
321 829
654 233
662 999
992 694
445 340
303 874
895 204
786 368
983 155
888 630
569 707
757 156
818 48
582 25
106 878
966 504
568 567
898 120
849 654
576 66
754 599
746 798
802 540
469 801
20 705
827 179
371 239
465 278
690 329
49 87
582 315
515 270
591 59
993 792
614 232
11 31
84 575
675 116
879 764
917 31
188 749
689 400
860 280
270 683
417 309
436 727
755 947
718 37
152 6
464 232
821 349
638 988
495 485
333 458
428 482
674 6
472 658
306 898
51 660
38 609
243 485
508 787
786 607
878 137
716 284
608 509
975 845
640 440
473 409
807 4
275 143
251 28
15 81
705 887
133 230
781 570
584 596
967 211
574 115
347 356
388 436
597 306
269 375
342 919
625 9
271 409
8 255
852 992
1000 563
213 170
17 119
515 752
313 291
649 890
283 468
567 700
804 722
352 753
955 664
733 343
781 254
491 852
759 288
791 37
574 399
488 462
959 112
548 947
456 286
992 944
918 424
885 43
528 434
127 903
287 171
400 965
884 885
560 611
923 435
528 449
340 743
680 156
42 893
296 645
452 503
164 854
714 393
504 488
508 432
14 787
668 489
914 628
371 120
615 946
950 138
459 146
457 615
116 812
309 960
157 382
621 825
140 620
966 928
935 691
992 363
704 607
669 451
307 702
90 818
349 979
371 315
198 820
474 4
310 171
542 13
460 70
479 186
975 801
963 745
949 390
218 176
646 366
542 303
912 772
252 343
705 851
669 952
207 705
269 266
679 323
299 639
412 310
696 249
625 53
630 262
226 88
743 541
448 450
946 321
196 864
584 814
787 915
882 772
545 581
819 98
982 754
662 764
317 849
637 860
508 784
843 297
311 375
645 627
630 83
745 747
466 508
799 450
411 389
823 472
291 251
992 860
944 735
196 292
948 843
509 299
770 119
864 262
477 269
173 834
762 429
107 272
658 672
861 423
129 406
48 191
205 643
244 95
391 114
163 147
422 908
196 15
297 648
586 977
278 531
872 702
710 630
261 618
100 284
873 20
718 140
948 369
694 26
609 754
459 503
47 297
621 575
177 622
226 76
863 518
111 237
204 385
742 897
542 990
251 998
346 990
61 633
748 725
15 24
916 725
475 623
422 42
316 553
243 763
247 3
303 285
964 697
252 379
777 410
464 651
249 491
69 688
696 38
611 437
829 342
558 652
657 845
765 932
967 40
94 172
277 660
973 663
632 999
766 866
985 249
624 919
771 338
94 938
540 141
55 672
905 536
943 48
433 271
292 454
866 63
60 106
615 728
79 644
474 836
679 683
295 886
559 142
980 154
509 350
93 31
476 137
397 156
779 698
546 643
586 128
89 1000
883 510
137 846
788 670
510 203
906 666
824 895
732 152
628 473
21 53
793 4
206 115
427 770
126 394
920 129
150 522
880 154
266 31
512 347
451 25
270 639
749 726
868 686
300 306
855 416
141 990
548 553
916 36
119 357
584 460
214 155
604 791
953 223
110 88
55 937
498 198
617 132
548 766
697 28
19 8
403 425
812 699
399 36
792 439
42 58
360 921
540 860
189 170
317 469
304 924
601 858
105 875
181 518
743 724
583 943
288 308
731 600
604 960
75 156
188 469
351 891
615 542
320 197
195 775
821 583
143 623
934 814
576 822
10 932
864 637
657 75
490 300
686 679
541 761
926 889
938 471
328 430
951 734
109 727
383 392
64 504
929 247
440 855
884 786
372 46
319 775
837 100
503 912
362 4
951 508
420 356
477 373
171 566
798 306
300 210
348 198
167 514
617 667
85 917
387 738
534 430
257 434
332 594
371 12
98 876
797 568
979 717
306 673
91 413
698 175
717 321
65 762
119 555
907 425
417 165
384 938
895 989
280 235
101 125
161 184
694 962
829 873
787 27
284 290
547 359
399 19
170 201
613 99
906 325
856 936
907 740
56 176
455 216
324 830
332 101
311 825
807 916
281 681
765 522
74 655
938 980
705 999
1000 677
857 220
360 516
434 311
731 567
611 461
248 741
834 308
820 327
6 455
682 352
478 199
746 909
559 218
338 554
47 54
468 89
969 660
400 137
24 805
773 541
740 525
312 25
763 597
636 733
277 287
885 42
727 795
413 687
527 655
254 475
755 594
881 837
978 271
598 752
822 676
861 66
771 870
874 223
733 136
457 917
258 734
442 35
81 801
318 598
673 677
505 897
275 641
594 97
116 813
979 745
286 3
414 84
896 243
275 750
607 913
333 28
650 302
146 513
802 823
315 622
793 399
977 154
941 639
215 894
902 874
835 149
565 36
643 870
42 608
312 54
484 732
218 513
363 549
626 101
365 207
442 988
902 916
691 739
815 145
290 996
114 672
481 675
606 293
69 620
350 95
647 881
672 99
981 231
736 790
611 118
528 610
857 986
787 515
663 172
45 661
199 652
737 813
991 752
98 353
5 979
654 448
178 393
785 375
757 737
165 622
153 110
547 282
361 499
34 443
107 275
35 78
789 313
885 288
813 451
148 294
940 970
926 269
388 973
567 101
241 583
479 709
871 947
341 676
267 769
414 176
698 103
828 998
868 651
119 531
396 890
825 856
113 670
918 723
599 994
988 659
381 995
371 659
531 795
683 52
377 579
802 346
108 693
200 696
536 818
55 874
734 742
545 36
178 519
751 658
675 551
688 330
709 862
143 372
976 606
282 904
481 787
545 774
783 260
402 353
477 827
61 60
50 303
913 107
821 610
625 161
143 522
23 480
634 209
317 771
247 582
58 917
83 314
47 351
729 364
93 325
396 101
951 757
628 614
151 269
598 606
468 375
27 688
999 94
515 135
922 143
466 3
529 999
861 394
918 179
141 618
783 856
650 644
753 261
984 922
860 245
774 301
722 242
882 99
851 490
735 519
293 805
929 293
694 999
293 950
794 953
376 680
358 968
481 815
246 617
265 62
935 41
259 536
756 634
47 985
708 997
855 886
954 549
955 836
705 873
354 377
652 944
428 828
171 546
255 555
584 526
355 129
711 228
553 734
882 658
313 629
11 957
647 808
317 69
635 54
356 573
566 664
236 27
165 17
229 407
169 86
429 924
601 123
303 903
473 1000
754 555
368 242
792 884
876 90
913 992
643 139
903 709
649 574
465 985
283 744
529 16
782 706
164 61
3 249
421 682
5 811
136 982
11 674
193 539
602 873
336 985
387 743
281 104
746 796
763 662
140 917
924 5
822 729
749 919
534 77
873 301
850 238
500 907
11 896
747 378
194 358
824 941
917 428
495 144
791 455
81 964
305 297
101 265
998 9
42 963
348 374
367 458
189 950
376 887
837 278
140 586
513 224
971 876
842 636
497 997
754 366
299 171
137 724
157 265
162 97
290 426
9 274
893 240
674 284
803 760
509 647
882 355
42 362
617 214
302 984
673 196
233 733
300 484
589 104
751 286
431 882
420 690
494 263
223 335
226 737
977 863
869 345
857 257
251 30
90 400
167 889
217 296
630 371
722 685
354 832
533 242
344 283
692 885
209 663
86 319
14 8
808 505
157 944
630 312
577 172
298 455
49 971
674 682
308 668
296 188
350 499
409 451
816 10
196 925
587 36
439 299
421 364
500 299
27 941
502 219
754 309
948 595
878 916
58 589
520 890
709 362
377 145
13 419
586 487
383 431
573 235
225 69
151 309
814 239
482 620
858 935
840 614
839 616
111 561
46 452
799 270
72 863
456 510
336 596
124 531
620 1000
931 111
400 741
439 796
300 70
177 277
291 285
811 594
149 167
962 730
638 111
54 324
368 803
864 184
274 550
926 48
698 51
55 754
611 787
258 912
946 985
855 107
207 196
773 308
892 739
299 437
380 184
345 506
493 119
575 201
319 96
155 530
837 846
797 240
321 191
530 461
477 564
315 136
691 738
657 982
568 87
826 659
167 425
333 897
444 364
649 757
391 311
84 360
925 590
201 94
730 422
344 21
476 530
517 260
291 777
424 109
156 700
921 564
995 871
454 349
936 87
884 693
443 953
410 162
106 789
568 514
382 190
153 444
576 29
81 721
582 103
486 72
478 599
149 872
426 815
23 899
872 883
947 393
983 513
42 863
940 820
550 742
254 214
755 592
662 169
704 415
380 792
297 1000
932 120
76 970
383 788
497 941
573 804
603 417
896 79
366 185
315 909
321 538
488 71
517 898
875 923
977 133
579 89
446 64
432 574
532 193
436 94
219 326
702 273
246 701
360 784
679 3
207 770
961 314
948 32
962 118
686 703
42 215
117 561
852 580
959 864
18 229
856 703
530 320
761 111
606 495
21 204
668 214
65 15
144 922
145 119
843 24
554 221
723 702
86 470
550 97
165 973
611 149
433 269
342 703
900 263
919 37
761 209
210 697
818 952
329 93
348 815
828 97
421 693
315 158
300 970
549 137
221 72
653 219
256 591
452 940
664 716
150 191
690 416
28 799
883 369
166 949
443 272
980 489
528 238
289 650
788 676
838 689
24 329
354 976
595 146
278 578
962 659
604 409
237 613
519 485
56 671
387 838
228 888
67 442
713 460
440 360
633 468
404 387
621 26
500 270
676 599
626 998
994 770
242 31
472 291
66 273
161 3
878 240
988 624
510 788
498 196
595 718
445 971
19 10
86 54
825 198
75 291
962 121
564 165
674 933
507 860
90 300
74 617
271 273
223 8
958 38
144 631
640 620
550 163
346 581
425 82
227 474
675 846
179 31
717 547
572 333
347 962
666 646
615 617
562 375
321 675
503 735
658 802
702 686
115 699
78 823
636 699
801 874
72 582
473 649
520 814
760 435
995 524
101 709
785 318
185 666
871 54
984 682
880 971
478 692
875 832
418 899
389 744
989 216
184 828
426 630
23 568
45 160
301 822
50 677
12 303
324 105
21 87
24 421
300 498
582 472
362 695
202 796
665 476
495 113
543 455
161 205
234 397
96 486
523 155
362 315
841 524
901 298
142 405
815 820
964 334
731 77
125 982
493 146
350 549
21 523
649 338
725 551
195 280
750 74
697 62
203 773
721 192
597 477
468 679
587 667
768 287
329 85
592 51
331 89
5 424
356 508
982 408
565 224
165 210
692 229
344 395
416 808
574 193
957 199
766 809
674 683
109 774
207 393
395 563
503 562
547 467
143 589
37 202
154 438
852 193
675 584
307 896
785 248
731 836
571 555
878 917
918 316
889 444
896 794
809 259
611 907
885 40
188 840
334 642
140 43
32 676
2 4
184 991
337 403
619 5
552 458
537 314
708 468
900 908
996 761
624 492
733 134
435 895
384 251
42 779
171 677
281 357
870 97
413 864
16 918
861 354
915 354
137 614
10 252
436 694
94 974
45 422
146 639
418 248
168 258
646 944
221 225
677 838
797 243
275 462
612 108
836 341
978 476
536 169
665 587
740 137
958 192
299 453
617 322
946 824
378 470
86 15
858 92
159 849
56 78
330 597
38 866
521 132
83 887
180 247
473 107
908 723
765 556
511 884
4 52
27 253
959 988
526 209
564 12
235 894
556 128
492 103
75 201
627 932
922 578
635 497
265 561
929 115
809 972
817 533
482 188
585 533
71 306
64 4
945 397
496 108
487 2
14 694
453 126
137 533
257 899
652 268
727 840
999 167
853 861
54 530
326 791
370 671
978 350
378 590
876 321
642 393
494 638
461 645
23 898
96 98
573 464
866 602
83 682
55 386
537 391
149 73
797 589
135 106
49 237
345 694
896 290
861 326
955 257
868 550
776 908
929 430
693 445
125 203
458 974
310 871
132 643
673 929
842 772
426 243
941 720
432 928
803 691
328 529
368 558
334 834
855 255
488 471
531 797
859 248
424 639
25 640
394 631
803 913
57 791
945 773
934 204
212 740
565 216
549 739
493 781
436 696
579 916
411 38
964 858
611 7
919 326
614 858
544 92
617 954
395 746
217 356
109 974
516 18
274 677
956 716
891 740
454 410
58 915
689 595
905 622
766 579
896 851
749 655
766 905
408 621
580 643
326 28
177 144
936 195
59 148
656 719
521 892
374 623
895 411
842 277
129 326
224 68
942 200
447 618
722 359
418 270
605 18
992 89
3 458
392 799
193 968
159 183
915 685
511 125
888 137
552 215
266 139
160 666
656 383
567 75
551 582
953 467
756 384
78 172
764 923
693 401
225 697
561 775
285 415
254 572
122 710
618 323
780 758
1000 77
471 375
436 51
129 605
61 666
216 477
401 317
609 878
591 550
137 203
947 726
251 229
735 351
97 735
459 976
311 339
928 57
434 836
130 567
757 548
79 584
321 896
106 662
532 538
870 732
887 342
835 683
123 653
514 576
622 673
572 334
244 943
463 207
246 245
488 672
208 15
473 543
296 992
448 811
502 402
651 655
705 501
29 239
176 741
704 79
509 383
775 670
542 703
418 785
791 336
153 36
120 49
637 724
936 989
131 637
987 720
73 302
555 734
183 305
422 971
480 312
67 264
710 546
662 449
113 89
119 548
379 411
198 957
894 302
807 333
629 515
298 879
124 461
44 375
129 927
683 336
958 858
741 42
536 775
483 310
746 496
696 677
313 402
475 650
276 969
647 330
906 320
484 704
358 837
553 909
156 150
104 223
773 1
5 407
482 452
467 616
798 748
820 44
658 323
38 33
810 6
51 150
434 306
821 902
436 420
777 288
66 937
620 256
261 754
4 951
934 254
334 922
232 826
946 296
895 799
352 253
343 969
714 175
770 447
473 635
718 687
317 954
908 195
520 72
2 541
975 181
691 722
46 91
970 736
419 103
921 233
957 763
889 157
807 829
344 423
289 599
469 961
609 46
944 277
396 787
560 837
506 49
923 725
249 536
513 327
31 432
198 283
37 879
276 425
153 290
263 221
485 93
582 453
859 832
220 286
3 800
479 627
373 804
893 33
876 945
367 474
278 299
149 391
746 325
416 282
859 110
91 152
295 732
857 111
573 992
250 157
371 696
119 302
35 743
497 991
897 510
556 853
704 992
450 936
604 585
223 173
226 643
522 852
118 413
246 710
934 425
8 417
764 502
32 39
251 173
14 123
625 88
371 937
21 881
700 680
319 636
768 1000
255 370
860 944
493 697
791 758
100 621
230 948
247 974
714 993
250 128
537 808
40 240
442 684
593 932
240 913
383 111
844 755
886 82
135 528
75 189
49 727
356 981
620 10
362 278
456 687
19 735
61 360
154 58
282 119
735 760
945 366
214 981
412 869
110 810
645 785
499 497
429 422
966 343
324 347
182 230
846 265
738 430
461 789
620 974
417 407
91 312
589 537
510 290
920 314
582 656
116 157
357 213
943 690
659 663
737 351
578 861
160 284
376 62
707 867
138 426
197 589
533 35
384 998
917 196
522 308
134 54
531 306
884 440
229 205
871 658
981 461
877 721
401 566
648 625
25 534
870 513
157 17
690 441
724 556
694 824
474 151
371 517
337 757
467 706
697 117
940 311
497 495
342 986
911 363
266 991
701 438
521 48
339 94
302 611
820 484
624 685
813 644
71 98
678 974
423 545
765 928
990 991
238 544
4 184
888 897
406 380
887 333
652 974
280 523
857 906
911 749
861 594
681 212
644 1000
536 753
560 333
870 640
62 605
212 42
505 32
507 766
537 949
130 485
918 266
721 160
140 142
583 611
605 478
900 656
405 286
376 418
763 542
20 274
984 289
213 561
382 216
723 252
600 369
250 566
549 280
297 537
61 464
758 902
500 946
222 793
879 630
665 164
727 819
166 939
444 713
818 506
196 58
769 134
272 474
440 524
383 980
647 157
906 873
428 213
955 300
940 56
851 495
929 329
346 237
888 372
20 110
774 179
179 576
532 338
599 955
431 549
252 70
412 30
327 660
80 95
189 595
584 351
420 194
772 694
96 681
151 539
8 283
268 981
697 401
915 70
829 660
575 400
977 897
590 973
483 72
551 491
207 657
88 775
381 746
350 139
482 3
174 693
604 266
497 751
240 81
256 790
666 533
351 871
559 194
556 610
565 477
38 375
832 164
174 919
691 107
984 31
567 708
696 403
739 343
406 122
653 27
54 552
480 253
525 33
304 427
360 869
127 947
543 185
116 384
637 334
192 336
760 29
241 849
150 345
909 575
7 320
192 463
600 508
943 532
305 160
949 727
314 94
564 946
68 193
708 751
713 140
310 52
979 721
673 526
936 611
766 139
551 613
661 37
25 771
444 819
530 800
876 846
93 596
150 645
744 308
318 363
52 403
604 832
586 759
901 986
453 828
564 863
104 34
157 40
722 390
468 562
124 172
397 586
678 677
648 920
133 80
971 887
778 263
265 424
825 224
368 341
355 81
112 437
748 936
863 393
411 112
319 603
454 182
984 221
895 905
397 14
291 535
737 571
558 571
761 429
106 538
459 682
631 816
908 877
306 219
658 772
3 73
791 32
288 673
988 434
314 673
631 598
49 404
965 910
698 523
291 83
44 393
686 40
528 454
693 788
585 187
127 804
906 719
564 999
894 30
658 712
721 580
595 223
443 346
392 728
656 297
385 317
607 780
314 229
685 946
599 684
626 586
128 97
989 476
96 277
619 839
157 234
159 428
381 268
123 532
119 440
11 365
949 224
879 98
332 167
833 590
464 503
542 118
638 735
505 398
419 785
717 68
499 68
158 398
483 383
293 685
375 481
431 307
367 653
868 166
488 763
341 34
143 284
865 680
388 405
890 333
601 150
765 923
70 819
805 292
128 344
844 270
517 978
5 684
173 570
1000 532
969 555
752 181
643 294
661 945
866 842
596 270
411 378
641 793
986 762
218 864
374 359
35 266
980 131
429 131
636 765
418 628
37 462
629 100
386 214
267 377
396 407
269 683
805 969
844 801
3 323
223 379
742 284
145 657
107 279
741 604
379 759
346 500
276 479
191 281
374 850
124 673
753 987
349 528
774 814
798 335
570 438
953 294
368 834
738 864
556 740
637 110
5 122
33 448
967 701
931 507
958 80
882 343
954 952
829 828
119 412
638 872
786 772
53 62
781 778
6 520
968 963
375 84
927 685
643 838
350 104
347 575
989 996
425 345
902 997
367 615
178 515
655 55
161 311
754 206
757 733
99 31
445 247
838 630
86 267
677 467
199 40
667 378
575 349
100 947
322 405
568 485
696 154
956 852
965 200
597 102
264 262
360 751
416 929
257 707
972 462
938 714
970 251
394 690
282 217
726 532
586 427
14 656
54 589
239 707
277 482
704 50
886 302
634 447
296 545
785 343
658 991
1 480
241 761
461 726
26 85
625 737
597 523
103 246
626 268
404 825
810 964
81 988
106 441
487 740
953 608
805 719
940 938
79 494
139 112
125 124
695 176
348 285
958 578
855 462
267 801
766 255
163 912
366 233
628 196
547 698
617 109
817 403
546 179
656 543
930 82
436 799
683 374
3 904
855 565
800 586
543 258
466 722
325 986
533 280
316 671
24 400
522 11
502 667
673 173
910 690
342 48
574 895
173 958
585 334
959 556
787 18
972 46
138 530
160 38
198 418
540 857
995 393
192 759
229 676
178 950
382 686
297 28
528 896
766 816
748 875
251 453
415 564
515 666
437 984
313 746
510 530
725 53
653 824
691 509
93 538
138 857
930 875
109 944
862 118
611 178
406 392
911 625
572 319
149 602
204 731
942 409
58 548
931 295
22 75
387 346
406 234
852 398
799 385
73 97
995 831
535 139
10 530
638 266
694 488
876 395
385 415
900 939
968 353
895 270
828 725
762 256
760 3
72 5
658 821
474 665
291 357
189 803
335 456
245 871
447 511
696 585
215 115
141 876
769 387
882 268
497 874
822 143
449 679
137 297
951 695
545 714
56 855
646 90
686 683
691 895
599 94
994 916
756 555
26 994
280 398
302 847
963 883
782 469
750 523
459 144
192 565
609 597
894 1000
700 981
556 657
562 978
217 131
401 168
909 159
648 247
132 40
575 260
688 744
47 223
375 290
658 464
454 183
915 323
402 274
705 107
673 240
912 587
87 863
54 468
735 83
882 517
259 52
919 769
905 458
89 367
911 548
593 975
724 407
227 729
669 530
267 268
344 859
754 730
64 426
800 478
231 22
236 680
532 909
3 217
73 29
92 495
477 291
760 321
372 15
809 321
286 475
71 655
185 548
718 510
439 235
791 374
870 149
138 338
84 746
380 641
560 839
776 772
998 41
266 254
139 68
858 628
848 293
632 89
883 315
7 69
447 386
717 352
974 433
136 240
480 693
355 547
651 126
618 487
341 636
603 345
696 613
107 886
829 791
690 939
285 69
622 342
197 649
897 323
475 891
792 167
105 557
255 891
618 665
87 389
308 137
937 575
973 169
591 718
850 564
108 590
826 445
593 478
50 918
65 773
947 739
720 850
167 603
671 465
189 380
65 182
800 975
378 183
472 176
739 210
982 298
398 843
402 374
900 9
568 775
8 129
920 565
378 905
850 180
536 663
275 999
919 172
558 596
245 167
800 284
32 886
785 72
645 103
456 578
678 285
653 513
296 43
995 875
942 358
980 29
503 640
766 480
676 133
878 807
193 40
979 76
602 813
876 444
790 116
176 830
197 152
646 736
685 243
11 972
25 218
552 312
756 56
371 90
561 62
989 837
241 634
410 612
488 173
620 750
824 583
931 365
517 748
864 856
68 824
333 881
586 701
392 418
479 763
214 369
473 313
881 177
863 524
789 873
242 70
371 662
100 120
105 454
953 112
833 474
952 794
68 621
198 564
933 559
130 780
65 225
119 639
87 432
347 687
39 301
756 769
601 18
138 718
472 140
422 887
169 236
44 1000
961 88
999 512
602 346
89 389
38 510
905 433
359 310
219 13
17 49
808 324
991 317
994 115
170 593
559 153
487 210
224 394
574 510
795 511
716 166
157 276
208 282
418 550
329 65
990 142
575 784
120 826
121 231
818 7
70 216
625 535
93 25
735 734
59 715
271 796
376 19
693 986
415 36
864 312
349 288
97 463
98 608
361 466
896 483
629 752
289 848
673 759
987 467
716 819
241 661
96 240
495 232
727 429
638 88
654 797
348 286
48 450
833 747
907 272
945 677
60 182
762 118
414 800
287 562
792 112
952 212
746 411
786 626
327 662
475 675
7 960
820 821
471 663
76 229
21 612
958 159
155 734
233 518
651 199
902 966
750 140
734 753
169 191
995 231
431 91
640 608
147 656
39 678
978 846
728 345
699 536
692 188
434 156
255 308
312 576
272 90
943 109
144 777
592 407
222 214
574 267
944 800
601 495
468 178
606 120
771 453
222 865
232 993
598 524
654 274
462 829
975 210
867 509
174 119
103 55
123 861
844 795
3 269
560 638
188 791
546 673
999 121
183 108
667 931
923 605
598 857
70 486
555 834
276 289
81 831
408 153
816 310
923 714
508 282
571 60
955 221
153 331
29 680
12 442
529 736
16 573
989 502
812 81
218 144
580 53
116 480
966 974
436 845
399 379
590 106
348 401
149 352
133 811
834 680
854 687
176 258
51 686
640 145
569 301
417 40
201 367
898 729
839 539
223 404
461 287
360 78
656 15
327 378
823 529
368 617
668 598
707 488
483 25
695 712
791 521
26 645
262 525
324 242
123 479
913 379
255 714
439 228
354 137
182 947
522 830
652 695
45 109
291 537
520 1
829 9
558 569
982 745
35 540
37 246
679 523
296 48
634 18
415 997
911 596
53 892
112 264
26 232
463 93
690 179
799 471
550 655
455 969
828 37
730 358
740 873
33 939
211 29
567 968
365 988
7 273
762 400
563 673
747 204
286 472
789 303
828 267
666 90
595 112
140 761
263 56
50 903
658 710
54 967
225 427
284 856
84 602
732 94
789 1
613 747
958 648
336 375
621 818
292 702
341 635
86 527
635 619
851 534
925 227
910 585
696 725
987 86
458 648
981 572
803 616
415 475
953 91
365 466
251 477
437 965
894 475
735 498
482 372
209 468
962 10
657 568
804 825
327 124
667 642
76 590
981 911
737 396
160 111
658 418
986 823
770 744
860 796
873 121
761 621
799 887
71 8
863 124
577 131
795 244
451 938
105 950
956 813
402 390
644 394
231 343
268 291
552 578
469 430
752 6
936 461
352 660
540 215
511 73
338 411
748 82
966 25
247 670
272 68
413 156
120 910
707 254
602 810
969 101
3 325
599 820
888 403
546 745
325 338
552 426
954 258
438 147
280 877
797 984
380 678
751 401
309 750
702 847
724 991
965 275
234 303
974 99
833 925
888 224
542 807
689 465
287 391
521 744
388 529
205 245
285 439
512 485
552 998
506 955
731 24
824 422
886 676
9 190
962 332
602 231
323 282
705 338
919 670
207 920
247 107
798 777
88 528
565 2
826 606
367 562
218 64
243 704
726 255
564 206
35 920
416 118
479 421
268 530
655 422
550 184
75 24
352 995
994 302
753 400
943 475
434 249
843 31
190 650
598 263
356 662
326 58
871 447
255 805
430 484
420 26
629 292
576 848
408 706
10 794
908 823
657 497
926 919
693 936
840 596
900 546
795 284
322 949
692 652
205 719
336 898
667 966
605 110
988 154
701 571
443 279
620 557
966 463
328 117
474 953
998 246
301 862
927 190
437 174
755 991
965 71
776 940
859 909
931 264
290 384
698 5
920 55
996 354
710 581
48 338
730 658
788 118
820 177
349 788
355 715
895 417
243 446
794 818
929 25
149 43
454 540
493 58
76 230
407 398
267 751
787 20
330 617
493 971
647 512
63 329
183 492
605 970
548 987
703 196
536 899
919 384
942 995
834 184
691 289
622 971
915 297
184 285
916 982
478 67
526 839
597 151
728 346
948 295
715 116
323 894
832 264
939 620
101 925
501 147
124 527
934 801
60 150
921 82
350 315
939 778
822 644
853 704
718 710
397 515
794 158
885 505
433 14
116 387
776 524
248 251
943 928
379 851
720 885
538 992
187 104
723 10
796 710
980 411
31 75
702 948
918 849
775 952
486 375
470 616
397 386
292 564
167 648
8 879
244 269
941 481
961 476
358 317
915 317
668 38
755 784
195 937
462 367
379 415
217 552
470 842
665 336
578 563
910 626
323 180
472 666
219 487
310 978
459 436
299 79
582 782
911 332
94 640
756 565
744 213
982 179
481 794
18 380
328 863
609 797
39 406
557 597
652 963
766 176
392 601
464 966
808 705
866 459
761 743
942 908
377 750
235 760
930 568
740 327
136 45
942 684
543 804
204 900
633 526
886 168
498 681
49 973
191 670
710 506
341 365
74 360
75 177
374 495
411 147
729 140
752 27
999 928
551 982
230 750
692 951
783 536
538 477
593 862
248 313
66 539
672 683
856 184
250 395
344 166
843 402
258 4
996 896
378 567
865 47
387 713
941 146
135 863
482 729
525 467
927 451
430 873
676 65
913 625
847 732
665 240
707 621
102 97
432 125
396 664
748 543
77 349
528 607
331 391
135 402
835 784
659 748
966 920
993 542
208 306
336 263
618 485
546 134
929 374
28 413
976 823
759 596
342 412
664 116
115 274
480 917
744 162
570 866
113 981
998 428
1000 795
267 678
697 93
256 405
596 853
265 457
322 234
52 7
255 536
193 127
66 231
624 645
397 333
866 350
721 449
84 263
321 979
838 664
805 289
878 745
350 70
541 487
435 559
359 268
820 290
936 319
403 930
575 536
331 388
779 936
942 356
503 642
736 523
74 110
202 443
704 41
210 862
317 986
121 201
709 328
502 478
344 936
897 598
255 178
511 260
495 899
996 932
667 844
746 719
908 114
712 627
344 599
297 533
954 400
28 817
50 985
125 371
441 428
993 239
325 956
319 439
902 831
828 671
686 293
466 824
504 379
983 893
50 571
328 937
590 897
225 551
228 834
26 797
146 973
811 965
43 351
318 343
216 825
475 616
452 409
95 515
51 745
881 412
881 650
460 19
779 742
677 758
347 387
773 163
732 291
392 130
69 902
76 82
518 377
42 78
651 600
123 41
530 299
587 678
470 318
492 162
592 240
350 768
42 3
69 696
221 621
985 80
913 211
697 708
990 963
652 632
505 187
35 582
604 849
397 164
496 353
957 492
308 880
537 554
165 809
500 152
961 922
12 76
69 141
624 252
54 755
606 956
449 115
904 550
835 656
550 551
720 906
348 75
150 177
387 513
372 65
572 806
34 760
976 691
22 383
570 381
580 317
96 242
833 975
262 185
537 108
915 545
54 63
374 56
835 115
629 953
150 514
172 206
779 126
215 104
200 986
768 883
785 946
863 989
366 95
579 426
731 103
385 605
649 312
475 13
595 724
7 962
857 445
631 375
329 709
554 502
848 231
425 186
544 288
119 48
796 187
798 757
285 990
768 440
476 771
343 87
666 895
206 875
584 944
472 106
697 375
131 377
688 95
752 700
291 639
500 431
584 878
715 452
682 680
518 929
978 622
728 121
946 144
112 238
663 237
373 249
197 427
951 726
277 259
444 276
174 117
267 309
938 482
608 765
550 752
828 498
262 488
944 671
31 165
822 720
789 265
365 903
956 302
150 349
867 733
391 29
451 334
489 135
828 720
991 868
707 513
615 184
11 22
984 974
824 803
966 546
50 186
276 402
977 379
278 608
483 718
508 997
505 862
372 426
354 865
848 729
615 414
727 288
930 2
306 808
840 253
737 500
521 551
320 800
854 685
217 600
452 465
237 869
788 11
437 419
294 500
646 89
853 280
928 414
671 446
696 682
418 432
473 480
317 303
985 381
839 366
252 324
750 63
588 174
701 393
10 317
523 605
364 925
313 553
631 121
749 14
660 513
373 778
725 101
140 413
499 988
482 146
606 203
330 78
870 588
640 458
92 708
923 364
762 188
46 237
608 554
808 60
245 403
534 938
378 564
362 209
803 557
40 341
685 379
482 726
121 270
139 155
413 600
50 818
180 837
235 498
129 385
918 131
520 558
537 691
300 174
624 482
92 8
996 630
903 234
764 762
836 159
286 248
842 520
710 925
462 172
727 343
395 427
661 69
223 724
993 541
578 997
336 504
926 59
432 811
212 953
455 152
793 486
765 482
363 878
345 495
81 485
725 596
707 57
85 501
980 995
787 369
471 744
868 247
863 698
789 707
869 277
342 209
678 709
574 826
925 408
835 298
650 581
344 335
927 404
56 451
888 456
458 507
848 175
976 372
995 208
504 661
692 80
596 564
598 142
122 191
485 847
539 348
315 881
134 836
891 865
485 976
592 450
499 952
524 543
982 523
255 95
19 629
991 363
114 781
746 554
120 124
362 275
519 933
26 202
71 590
899 483
188 874
407 712
193 708
913 707
163 444
239 393
44 361
279 498
67 536
31 125
263 30
234 154
607 735
150 500
372 268
140 698
569 536
461 915
241 639
776 977
661 794
556 890
38 708
510 513
584 74
76 286
774 91
613 193
302 936
557 812
17 968
501 247
43 124
63 113
268 863
86 946
967 991
968 967
473 431
769 746
440 32
959 139
47 973
365 26
722 733
796 372
869 666
671 234
691 598
604 729
329 697
939 356
611 676
691 711
798 553
568 122
164 589
75 26
973 573
856 309
843 203
236 47
473 875
852 801
412 642
112 116
675 656
938 694
874 712
250 238
70 61
52 600
888 612
120 718
746 526
709 33
805 183
889 126
211 102
177 138
197 71
291 158
22 18
905 882
892 998
440 819
791 330
723 112
64 691
846 366
816 269
397 845
339 488
875 746
215 261
219 192
901 738
556 327
918 826
686 326
546 493
971 888
733 889
76 604
702 760
349 624
632 148
10 190
323 77
968 182
988 809
440 367
955 400
578 557
155 772
949 178
897 287
402 727
209 231
911 362
952 377
114 92
246 609
138 828
303 474
690 892
949 84
237 162
76 224
303 331
677 634
548 886
933 960
714 224
609 864
627 580
889 91
419 686
963 582
18 75
401 81
77 950
443 570
887 447
302 499
835 925
209 845
672 419
670 722
786 471
924 329
654 358
731 881
934 950
900 738
628 688
295 781
41 950
585 817
162 578
514 239
934 656
991 577
536 153
300 891
235 265
185 524
495 811
277 228
734 973
407 609
728 694
729 739
215 105
306 628
415 170
250 534
577 983
689 61
622 184
612 899
988 926
546 352
488 232
803 275
896 159
471 481
884 334
423 66
869 30
138 254
780 513
450 188
983 10
508 106
492 551
859 550
449 380
552 847
596 917
366 491
243 412
686 798
467 784
158 407
627 258
665 993
243 525
863 376
82 885
18 141
327 405
303 897
428 838
962 805
853 174
69 639
70 712
588 909
863 5
973 709
208 577
352 540
170 645
706 371
332 720
696 453
257 527
45 680
217 471
719 408
982 974
749 593
831 963
177 210
384 468
348 925
849 736
975 32
256 649
508 603
41 421
129 384
582 285
162 328
89 856
399 533
898 730
119 736
154 996
466 850
858 624
626 756
8 781
7 65
85 801
910 818
241 547
523 47
599 792
876 763
919 913
702 515
501 834
393 983
980 893
161 83
608 292
864 926
955 585
738 955
797 422
377 829
546 102
398 275
458 518
646 213
445 780
708 918
32 351
474 304
270 201
408 121
221 751
455 297
178 536
551 473
708 803
104 432
786 234
717 898
523 713
249 326
268 760
18 915
425 915
888 953
359 270
398 962
787 925
58 791
177 679
369 638
98 20
465 895
615 958
156 692
680 806
643 186
383 21
810 425
683 528
526 357
268 429
35 394
861 874
667 209
120 802
265 869
235 179
645 650
598 365
207 57
945 647
921 611
714 431
898 54
79 243
372 111
12 136
755 678
331 962
617 713
768 709
842 474
242 702
872 537
284 959
60 994
146 952
219 146
55 264
721 820
833 914
504 817
250 976
254 550
328 826
76 392
498 502
778 132
7 826
618 455
986 291
262 908
835 90
638 877
878 220
879 141
238 127
310 920
739 566
955 597
61 542
150 817
544 568
356 206
87 366
716 350
518 492
425 307
498 811
426 28
542 486
20 404
422 32
26 841
298 210
948 40
270 84
990 679
666 793
26 760
99 2
482 390
480 207
907 773
915 270
810 216
759 239
389 987
420 409
550 14
493 663
611 12
123 742
52 682
558 628
870 698
448 87
840 889
433 261
235 113
625 297
809 162
956 951
939 803
998 560
892 769
897 519
550 379
674 889
663 56
761 74
852 119
71 557
864 333
991 620
605 250
340 381
645 895
685 322
83 144
858 790
14 806
272 321
258 479
443 296
634 525
232 581
435 675
127 584
392 661
138 505
485 14
840 19
220 301
183 347
276 111
297 972
239 96
243 357
720 831
410 868
488 28
586 733
717 437
994 794
224 630
940 340
46 819
220 994
938 309
186 702
985 758
279 890
554 357
898 787
544 691
33 178
255 589
310 646
195 636
316 967
173 970
47 849
322 208
507 190
346 730
521 86
958 509
248 868
35 774
402 299
919 498
796 127
292 916
621 238
606 322
199 920
338 572
265 626
681 58
679 611
972 495
26 353
688 958
451 756
88 218
986 807
643 242
900 739
724 495
828 29
225 48
922 982
698 625
148 530
524 917
107 325
608 878
201 136
348 41
499 50
443 199
632 777
567 134
384 279
537 471
280 936
758 535
615 186
348 646
497 515
940 907
633 495
889 597
980 644
530 907
395 262
659 725
402 851
58 212
298 711
815 990
870 351
730 706
90 805
609 993
646 972
155 995
628 29
233 827
894 672
366 734
53 113
510 824
721 175
977 197
544 608
263 698
886 440
252 471
968 512
181 989
735 410
5 15
248 930
686 910
481 556
687 724
155 303
218 453
973 627
61 921
597 199
690 613
623 652
36 585
971 30
972 301
749 130
795 236
924 392
605 544
566 893
164 277
628 786
44 835
521 544
178 185
81 199
887 672
286 77
710 155
217 470
537 631
764 920
350 282
176 553
581 754
32 589
343 951
54 526
995 816
240 672
97 41
760 471
795 296
598 671
270 571
515 185
849 743
598 383
244 223
174 262
927 460
819 719
604 335
253 791
76 816
513 313
568 828
457 899
979 770
106 506
571 92
457 620
793 202
794 693
444 894
817 252
694 154
152 412
445 553
265 131
690 932
696 729
626 806
328 765
422 268
119 295
122 761
121 938
214 217
640 480
787 371
361 573
705 526
522 972
851 888
691 975
472 919
53 198
759 484
564 246
102 612
397 761
18 238
496 188
313 474
759 405
179 385
967 168
697 316
753 412
902 541
317 19
356 623
769 343
359 696
714 921
499 683
695 974
554 238
114 553
458 752
69 186
999 616
545 993
840 975
87 894
201 699
147 573
701 254
277 258
691 56
507 747
71 298
509 537
184 566
573 36
921 515
399 948
550 348
735 848
277 456
121 196
726 637
620 144
54 746
188 868
61 466
489 95
822 751
7 169
683 356
625 767
827 135
10 471
504 416
254 76
660 771
629 128
85 994
871 199
700 198
884 114
558 503
448 726
841 769
988 976
186 470
975 714
851 472
500 746
873 112
410 670
581 295
243 136
246 889
428 270
234 461
359 897
916 11
720 380
459 480
901 729
48 313
357 257
163 728
863 523
354 521
336 4
808 725
599 29
360 138
142 838
199 371
403 406
367 969
360 793
215 645
716 430
420 755
224 102
920 667
264 95
660 741
700 922
113 208
494 439
341 92
649 76
999 686
691 713
605 787
626 270
818 264
964 834
325 988
813 168
986 462
675 810
605 565
507 518
972 452
923 8
799 629
981 370
434 983
757 795
852 1
637 885
304 567
383 409
386 5
985 183
31 829
912 197
596 515
715 648
20 578
370 847
44 440
192 331
430 821
69 27
969 5
40 303
774 622
666 111
532 410
984 582
412 470
817 90
914 928
433 844
673 587
738 553
758 699
302 439
524 167
51 955
547 30
15 540
407 481
20 902
172 201
447 449
693 409
50 685
567 19
556 103
834 577
604 891
402 725
68 680
440 79
406 868
851 835
412 141
142 802
270 279
430 121
534 948
721 211
118 429
502 780
923 851
471 515
173 969
816 568
941 118
549 574
307 191
899 579
736 906
308 275
701 201
365 286
363 212
230 590
723 756
958 333
411 26
36 677
365 431
903 793
857 711
781 381
710 301
986 525
274 641
723 978
26 366
466 912
377 18
658 795
52 574
201 988
740 995
101 891
545 651
965 770
934 519
187 398
212 23
875 29
855 60
40 380
116 399
465 863
561 270
942 125
983 595
68 259
73 500
723 14
394 187
400 755
723 414
628 401
213 997
865 875
139 94
90 512
732 119
181 503
410 679
450 408
585 371
612 540
152 18
998 353
730 707
289 911
200 318
548 149
738 802
189 686
689 366
964 288
158 251
162 230
4 517
324 534
937 709
190 187
941 929
492 455
773 248
904 361
180 228
990 749
612 39
886 898
298 171
393 4
156 29
319 755
750 173
578 98
501 337
114 567
624 748
535 624
301 440
60 336
170 752
668 23
672 692
196 880
782 27
285 705
233 680
196 903
412 708
841 462
576 877
169 457
740 560
505 481
969 274
99 748
166 558
505 338
553 252
257 815
849 853
176 697
12 23
804 11
400 817
37 420
573 338
887 886
46 466
177 33
984 655
533 964
515 201
295 529
760 182
997 695
101 450
543 606
641 355
112 713
353 721
889 903
927 237
404 110
354 913
872 590
588 246
6 589
638 917
505 895
78 590
613 345
267 879
161 224
823 850
59 251
702 513
24 168
484 18
11 354
103 760
736 267
90 169
308 224
788 42
129 339
756 742
637 165
237 646
161 450
659 319
553 832
988 561
948 794
647 678
385 871
725 706
262 704
677 687
750 111
626 9
844 560
977 945
27 470
986 129
604 752
751 643
973 389
99 488
48 858
435 42
695 856
455 471
88 966
457 630
329 508
915 357
38 468
136 348
374 92
182 771
361 445
887 278
9 547
750 961
14 268
933 474
496 377
212 141
473 607
813 26
957 309
942 475
410 168
285 186
729 398
126 350
165 642
611 942
595 309
265 362
939 17
379 942
602 823
841 85
572 963
19 965
426 789
188 980
979 963
504 417
413 569
34 462
876 457
490 156
879 602
182 254
917 377
22 343
704 378
335 788
653 399
837 434
491 762
443 383
617 856
764 537
361 26
785 680
56 584
298 525
408 69
997 909
319 145
11 160
863 852
413 834
404 497
688 12
115 325
354 663
924 623
102 589
964 376
696 758
555 333
464 458
341 892
413 415
122 864
660 896
276 905
24 415
613 928
885 907
464 345
365 23
132 200
812 602
209 555
229 568
506 415
587 346
950 968
367 686
647 936
155 278
30 954
437 604
867 11
575 346
423 729
856 312
433 601
477 891
807 695
277 664
153 618
26 408
703 486
585 687
378 951
530 88
126 521
645 441
61 162
796 827
448 169
83 668
678 307
476 383
149 591
598 506
47 352
69 248
456 755
535 15
724 68
706 603
287 198
861 253
956 978
922 99
724 171
46 931
842 282
224 93
192 507
931 529
262 989
270 958
186 137
640 834
686 627
362 822
951 178
187 197
385 149
359 429
371 60
245 112
906 785
475 983
104 292
341 732
893 927
819 804
404 38
702 590
668 682
172 857
465 225
837 601
125 855
259 871
149 455
82 618
285 7
865 57
436 917
94 681
699 537
212 956
894 758
420 641
882 84
994 634
441 874
65 854
933 973
55 835
72 580
434 436
380 472
56 510
576 757
630 440
920 615
939 325
469 58
109 135
772 99
442 778
292 73
777 307
815 207
929 600
164 499
70 148
899 864
4 132
758 399
245 232
748 241
23 25
118 921
120 848
752 67
459 535
301 360
486 812
396 60
553 135
541 894
301 505
672 755
858 982
840 629
969 87
111 550
348 948
519 639
22 61
225 167
410 780
706 814
91 843
714 485
951 496
129 316
516 563
741 524
581 83
177 405
767 888
366 963
2 856
21 236
229 329
211 722
339 393
361 65
348 121
471 475
667 711
779 1
204 466
964 3
875 600
128 157
662 478
167 788
774 260
698 561
245 864
263 257
794 99
911 437
310 804
185 328
694 990
703 900
860 701
200 541
932 854
419 893
425 504
632 512
81 270
692 346
700 188
566 311
694 760
458 624
136 244
392 94
800 843
602 75
493 938
138 561
14 100
933 882
365 368
421 174
804 165
441 608
801 448
566 704
425 948
762 887
299 927
446 578
50 283
32 242
531 280
408 865
370 911
373 40
974 868
122 488
896 869
811 742
731 862
258 110
973 949
478 493
340 278
570 547
644 718
59 358
962 838
227 956
899 280
3 367
81 627
879 720
567 887
607 598
23 993
872 913
232 624
747 339
931 24
521 788
666 215
760 38
297 872
375 663
874 82
267 128
699 133
391 803
544 495
841 756
471 17
955 693
204 927
392 574
854 594
391 688
177 748
876 938
879 5
169 684
395 809
918 818
217 696
881 737
608 295
536 4
846 865
924 955
337 887
642 688
468 996
100 210
997 300
252 501
271 189
826 580
424 540
321 180
708 544
657 562
360 846
710 490
548 905
916 218
925 289
236 176
97 950
934 49
256 648
442 851
761 631
985 127
274 292
458 217
773 782
408 974
575 694
333 775
62 479
341 280
359 267
344 224
307 404
970 380
348 568
476 485
938 734
544 185
468 129
973 968
409 341
905 632
321 609
305 804
549 9
937 943
776 491
259 13
490 507
784 647
963 576
666 486
478 600
80 935
637 945
13 333
514 210
426 786
923 618
548 85
141 489
201 901
702 998
166 900
710 833
141 634
128 807
902 375
335 900
660 333
211 477
16 635
883 45
944 231
998 302
485 201
693 308
309 59
384 878
829 820
332 876
977 97
281 538
731 49
360 125
588 445
344 813
517 511
856 254
509 675
309 221
516 341
260 503
579 211
707 422
156 160
963 816
216 459
604 550
933 552
605 477
242 291
309 768
902 989
673 197
411 786
48 1000
325 696
142 102
393 396
364 993
660 598
4 18
118 144
560 706
251 305
144 917
26 409
635 407
374 441
344 252
368 194
705 197
300 671
650 873
35 474
164 79
757 793
117 122
45 749
616 695
102 486
528 713
13 399
70 64
787 664
22 167
911 773
672 744
323 612
40 386
189 181
780 70
693 803
520 900
381 575
804 211
220 10
2 885
884 33
478 854
963 434
528 149
343 571
948 516
276 957
45 194
819 807
977 419
543 468
289 993
533 78
242 899
480 628
637 10
17 799
370 95
996 255
752 843
864 601
223 462
962 170
68 569
622 128
878 110
401 410
40 742
316 595
248 905
583 751
687 393
240 285
916 766
572 182
798 766
638 377
60 479
649 110
498 556
961 396
670 564
783 255
861 747
847 936
74 610
86 414
776 246
624 104
821 586
369 571
558 919
500 475
732 670
438 529
207 220
430 117
417 810
242 627
594 220
150 116
67 950
214 955
639 78
328 298
129 271
112 449
106 576
331 673
940 721
807 768
68 276
289 577
749 907
382 76
442 161
377 342
488 959
71 816
202 545
828 749
956 410
486 366
979 875
449 820
235 656
932 659
531 159
76 749
84 257
665 56
135 420
250 932
81 877
186 396
384 154
426 415
923 993
484 233
931 298
181 151
498 61
445 514
462 736
29 963
986 486
669 275
587 521
618 685
143 252
660 970
879 198
189 398
81 269
579 26
61 692
764 117
602 72
790 875
666 813
369 155
646 271
321 88
627 548
276 672
756 944
902 564
887 494
377 353
289 822
326 346
381 901
900 29
502 187
486 540
89 454
537 858
883 944
335 378
227 368
728 171
344 180
588 879
292 444
184 541
867 288
580 815
377 44
529 95
588 766
838 359
499 705
210 884
752 906
657 435
240 675
957 640
761 7
154 95
727 814
598 658
31 247
841 191
935 797
240 562
168 303
84 643
851 607
991 822
922 203
466 191
66 531
14 797
2 829
738 627
814 836
324 432
842 565
71 933
186 49
157 368
189 710
769 118
275 765
24 59
209 1
949 837
879 4
664 203
332 841
258 868
833 724
831 353
739 296
194 870
90 183
952 326
216 732
612 272
902 212
6 409
535 434
564 467
211 813
124 90
786 949
750 386
755 296
459 295
556 847
264 983
602 189
655 181
161 433
825 154
521 177
133 187
458 323
891 169
711 386
866 489
818 580
895 630
71 112
19 301
203 56
921 885
334 802
958 440
65 63
592 296
853 63
156 769
626 145
588 828
511 95
427 951
294 691
540 191
961 150
563 198
321 759
705 361
176 633
692 913
141 181
770 807
308 922
774 871
225 12
300 986
62 649
528 381
822 592
896 753
605 353
169 955
933 314
121 149
667 834
379 928
287 125
434 739
149 892
595 420
457 979
210 13
590 529
242 698
722 112
461 924
854 925
785 686
793 171
704 538
63 777
580 229
391 774
280 129
119 486
962 955
157 197
732 351
189 262
941 709
85 547
301 678
712 275
614 332
167 61
592 74
597 206
506 699
557 518
941 999
251 101
656 108
610 676
919 516
892 234
655 62
147 783
264 209
394 860
678 964
847 983
84 626
815 309
126 700
201 715
256 772
174 790
265 602
305 613
469 474
476 458
814 486
373 126
784 725
378 804
161 778
240 781
884 47
362 368
145 286
257 109
908 189
694 327
791 630
254 397
291 133
681 269
44 443
460 992
64 281
223 80
515 242
602 398
794 423
895 285
932 489
510 245
633 358
10 345
894 95
236 797
475 255
771 570
875 798
730 635
158 992
94 994
431 969
203 678
771 728
167 963
885 730
707 214
391 763
399 133
346 217
598 178
439 946
522 161
405 555
872 422
502 609
980 945
711 663
695 478
682 939
425 386
674 215
693 41
768 144
308 73
327 287
403 439
156 133
32 411
171 279
716 461
755 401
596 651
816 571
835 489
963 700
303 199
198 411
553 696
551 413
368 434
866 401
563 499
325 556
606 439
539 362
334 794
333 893
191 611
93 523
109 790
240 75
520 109
479 630
128 66
783 412
986 520
402 457
978 616
889 451
529 640
374 309
605 391
930 979
314 544
386 117
192 140
140 164
586 500
514 377
611 923
426 969
10 900
575 828
804 18
533 572
989 10
168 308
576 81
6 596
615 976
616 946
969 38
185 535
558 80
989 625
158 802
699 10
992 112
186 171
849 409
543 149
675 101
720 650
585 368
193 623
162 3
202 768
385 352
522 355
821 309
86 797
180 338
563 65
169 372
308 190
401 500
458 751
955 657
613 859
890 746
137 50
29 228
893 485
180 112
179 840
440 221
630 760
907 668
635 786
205 179
920 277
930 448
431 554
848 185
419 675
599 292
325 639
660 664
576 723
593 651
132 17
763 39
770 655
813 875
557 897
126 756
57 679
867 578
932 252
373 901
669 632
549 898
753 815
516 221
830 754
992 847
597 918
834 891
566 915
849 842
923 566
899 124
524 932
648 316
961 939
726 597
947 360
417 821
749 588
73 187
734 160
516 499
774 779
390 512
582 116
487 496
509 280
275 832
58 688
576 99
957 752
64 321
84 652
660 931
90 705
988 170
603 293
241 875
811 675
166 926
281 192
676 991
646 755
993 821
262 232
245 544
675 1
659 644
271 586
475 39
37 788
846 474
573 674
465 13
46 546
72 441
225 653
872 704
284 630
752 950
769 486
453 885
648 753
632 320
797 304
122 658
945 741
786 547
768 58
643 950
570 250
935 390
683 425
974 344
884 9
708 572
181 908
220 934
539 790
6 297
824 999
375 74
712 470
934 341
871 101
759 480
445 888
446 435
363 531
53 371
277 943
373 726
355 119
869 767
169 255
995 39
56 295
830 887
557 997
636 930
251 388
749 381
199 860
165 988
312 512
579 706
340 86
336 550
342 684
240 994
39 836
101 815
248 493
726 518
658 862
71 439
771 5
295 835
278 119
176 959
745 724
305 939
14 557
970 943
952 686
575 884
282 493
230 495
710 933
510 79
205 353
41 514
558 25
418 980
177 66
270 929
508 628
328 242
37 726
590 870
667 611
651 139
854 803
410 504
340 633
15 919
197 784
21 41
552 289
880 670
718 338
78 45
685 123
263 165
506 772
271 686
435 980
423 291
278 546
791 734
138 503
834 633
64 873
289 948
966 782
574 623
372 607
652 640
301 677
360 127
399 40
648 636
649 261
959 32
599 25
782 491
234 747
668 96
122 904
602 158
530 403
470 454
454 955
496 389
402 30
282 760
229 549
562 915
799 962
800 996
895 533
198 463
390 106
290 794
772 394
757 596
83 637
446 649
675 833
450 724
550 3
80 537
965 520
378 946
431 172
221 264
493 547
648 406
758 465
725 136
287 429
736 703
424 197
443 867
357 681
112 328
100 49
222 797
908 902
44 778
126 377
456 325
534 192
917 696
420 480
993 34
596 121
581 235
68 306
866 53
978 457
615 60
193 811
968 335
663 650
303 859
204 317
533 874
970 564
348 352
96 137
617 825
140 596
579 373
462 283
873 80
674 387
603 363
825 789
932 607
148 46
703 796
746 369
730 666
573 972
299 91
420 551
507 468
414 864
402 864
111 278
385 523
711 551
878 108
565 895
789 517
350 965
192 547
869 343
467 747
730 47
968 632
916 760
78 743
317 373
688 631
967 223
825 322
844 106
296 400
540 851
463 524
543 840
550 220
933 812
972 262
834 291
529 343
394 960
969 536
990 934
296 206
813 919
207 440
136 279
875 354
306 338
273 162
583 623
70 19
677 9
914 429
878 364
889 435
832 93
675 697
418 690
914 591
261 792
437 285
279 451
512 970
549 289
239 463
168 452
336 614
301 152
729 741
239 316
497 693
352 144
577 937
63 610
29 526
391 939
984 981
533 142
321 252
208 447
225 503
686 356
444 855
618 102
551 542
295 220
118 439
890 934
561 206
747 914
272 735
324 993
730 894
512 421
788 18
882 149
105 500
12 864
357 1000
215 875
199 422
480 880
669 130
267 690
949 434
56 191
823 861
833 409
100 136
640 295
876 470
974 794
187 772
118 316
247 216
144 561
627 550
496 228
630 411
692 234
610 847
458 160
97 608
459 889
92 957
623 643
683 566
978 954
981 325
566 993
952 949
644 939
205 843
973 801
98 509
207 269
472 282
970 57
672 675
391 996
692 558
966 69
550 644
149 757
794 250
478 611
521 79
999 7
988 308
956 656
443 137
257 73
563 680
802 560
286 449
892 628
666 945
71 641
149 983
297 732
444 533
284 802
874 206
324 35
550 775
292 961
405 174
873 270
747 485
361 34
72 43
386 722
534 325
461 71
98 771
121 636
229 507
675 145
162 36
936 707
149 282
686 499
104 875
992 484
489 279
772 972
155 962
66 315
431 625
531 671
91 148
73 929
848 489
186 640
663 886
797 416
247 489
553 836
403 385
544 641
172 578
152 208
409 241
860 759
865 987
208 886
264 936
530 319
853 200
753 142
327 119
458 482
579 474
459 7
479 72
104 438
985 467
922 548
815 275
657 849
914 64
109 844
259 397
632 987
9 726
175 33
213 862
127 312
202 193
174 875
835 879
984 51
586 299
878 979
240 995
666 707
29 812
886 430
210 711
373 9
152 127
163 327
700 422
810 546
232 802
417 720
861 149
130 55
280 600
31 213
714 425
823 345
525 495
33 913
841 42
92 116
52 578
480 414
7 509
135 200
785 531
881 838
367 419
710 727
968 50
474 295
348 268
404 14
431 823
675 141
949 822
132 624
349 918
172 881
500 614
357 443
17 816
604 876
508 57
976 779
155 942
319 115
358 991
674 50
273 607
378 976
350 607
626 214
474 155
774 336
761 837
185 138
6 266
686 856
964 538
379 42
894 991
19 109
646 314
705 670
887 178
337 626
284 31
56 486
40 555
682 102
80 284
522 719
570 723
865 705
347 726
442 882
544 506
931 363
322 488
913 203
236 38
347 839
813 946
624 784
302 329
674 740
415 746
832 74
273 197
809 27
296 98
601 409
178 122
911 614
438 520
262 115
594 690
848 718
79 782
979 276
374 350
53 955
516 293
19 775
611 865
615 857
729 494
804 504
219 520
98 647
706 966
267 414
583 396
110 722
236 633
20 574
2 961
595 66
120 34
466 242
776 887
779 392
546 629
832 574
963 324
927 161
93 145
718 222
150 613
81 634
401 748
254 990
937 818
834 602
599 990
821 320
949 187
436 994
310 975
938 428
318 458
284 302
957 532
590 310
595 732
29 30
86 977
638 514
731 492
137 169
94 572
938 206
386 312
80 371
432 679
127 807
824 169
991 164
877 92
990 645
293 507
9 780
378 245
252 542
433 869
271 404
717 580
80 407
647 793
635 455
692 134
437 813
761 413
524 591
597 15
448 26
838 363
641 813
783 414
145 967
292 411
667 113
596 329
796 795
286 146
580 448
878 907
438 532
349 199
97 150
369 649
780 263
782 717
827 996
722 849
960 131
836 638
123 855
785 296
179 553
58 666
554 743
663 459
124 943
489 254
36 245
349 282
79 177
163 917
672 981
585 20
340 571
989 298
718 280
497 692
334 97
49 215
146 875
399 431
749 960
700 344
780 986
660 256
846 111
205 93
63 835
798 242
600 661
237 972
419 515
299 41
618 281
581 659
548 556
769 265
589 136
775 375
983 496
778 375
612 462
261 14
686 801
449 486
947 611
512 196
697 72
591 876
8 291
82 876
631 990
739 850
249 450
86 223
695 883
299 514
84 500
156 905
840 993
203 494
338 651
709 936
156 824
235 785
509 634
807 635
630 186
827 448
321 778
636 527
732 718
532 690
669 477
761 298
943 248
766 565
785 234
198 65
970 38
18 731
837 248
304 500
897 577
861 176
202 287
314 693
762 311
339 218
762 10
602 860
719 135
352 95
6 566
278 843
620 840
952 953
35 66
537 260
322 955
728 665
430 993
841 926
400 724
386 411
850 84
614 133
262 238
279 708
283 769
512 757
564 777
786 721
893 67
994 883
508 167
346 262
307 657
146 625
721 995
684 241
371 790
264 764
427 88
891 479
485 290
879 118
916 492
593 41
423 236
815 734
788 44
570 875
54 392
281 860
487 36
579 772
700 797
4 772
132 209
886 624
137 189
817 771
744 984
265 321
138 721
592 156
459 919
832 427
43 724
706 396
247 812
359 694
658 43
240 6
999 614
478 740
505 166
993 474
611 102
313 815
957 110
933 698
245 172
49 335
490 709
753 713
991 339
60 87
580 782
541 512
845 499
156 546
395 986
281 876
188 243
665 650
374 738
329 35
202 307
595 312
979 89
62 799
505 738
128 541
606 856
662 94
314 824
255 994
361 483
767 175
864 390
666 132
650 513
138 381
672 797
616 873
988 63
671 58
413 854
382 357
475 5
556 234
560 237
305 454
925 476
977 468
64 875
980 809
303 344
56 939
54 330
972 713
630 917
446 224
487 289
181 125
73 860
367 870
316 724
617 159
377 994
285 175
894 589
212 814
385 761
572 905
15 107
384 575
830 420
781 736
29 349
117 638
368 393
354 212
597 264
209 703
891 39
70 760
346 624
349 379
88 935
711 129
934 160
739 72
346 522
782 15
378 944
70 922
861 933
974 859
848 560
248 412
544 217
286 834
639 368
70 53
610 86
719 424
41 817
631 716
141 214
849 775
560 766
427 54
642 212
982 777
81 819
754 872
597 686
224 82
466 243
439 804
980 504
214 748
50 581
519 325
408 55
979 704
893 922
799 30
721 777
519 474
722 226
523 31
373 859
713 509
271 829
275 310
883 13
385 437
873 231
690 919
962 366
297 927
280 271
729 857
220 40
312 648
725 81
626 519
815 662
321 342
787 433
590 422
833 435
599 172
527 435
235 633
181 883
473 295
99 470
192 596
100 869
212 671
449 59
968 713
56 387
203 116
955 965
632 822
448 381
446 728
74 747
865 748
26 598
942 600
47 188
639 566
30 810
199 913
457 370
184 406
772 255
919 376
278 352
615 521
134 772
951 523
697 600
166 374
903 676
540 226
276 264
490 285
511 225
793 522
758 162
46 222
675 554
14 632
884 764
645 489
316 352
213 728
110 892
576 84
633 37
513 67
897 774
242 543
181 245
246 126
126 117
698 858
326 619
21 247
663 680
991 879
85 932
694 262
146 872
309 300
550 858
992 482
976 551
334 145
228 956
902 63
162 30
203 568
635 747
337 108
279 897
670 43
561 861
745 8
345 410
966 852
475 875
556 976
59 616
461 276
959 21
893 369
696 691
215 869
808 941
76 173
186 605
63 433
377 922
473 495
146 447
117 984
299 359
13 557
473 24
611 286
207 715
160 94
434 341
414 711
401 164
386 528
302 420
29 436
867 70
89 458
437 768
739 384
614 796
117 284
743 632
326 120
495 659
211 200
374 276
1000 963
657 38
198 70
164 113
735 869
258 107
500 204
74 195
24 980
62 864
709 491
305 29
303 638
567 989
219 627
241 927
701 663
278 840
546 728
432 408
589 662
789 308
646 164
44 269
816 382
245 700
727 520
140 824
125 470
220 462
900 770
524 150
907 230
49 242
824 712
822 471
418 41
491 677
955 242
157 755
586 570
555 441
37 994
162 149
492 748
962 460
781 904
194 866
989 753
95 678
955 577
537 333
686 723
946 856
263 518
910 711
289 143
453 916
203 833
510 863
856 917
393 185
255 957
860 753
740 15
833 379
428 869
899 624
576 643
612 193
578 465
887 89
230 836
174 322
786 226
679 365
94 279
235 879
951 941
271 463
635 398
891 888
430 356
53 643
723 547
689 727
28 327
359 407
571 727
878 977
917 975
224 506
425 693
942 370
690 251
917 560
328 279
24 560
776 48
852 458
419 49
827 156
261 862
858 826
395 8
470 716
732 791
574 3
962 876
798 414
102 59
91 310
21 47
613 389
225 460
530 128
798 297
916 968
985 806
457 561
378 107
79 398
779 76
963 251
456 451
493 408
258 981
557 207
851 590
29 790
107 846
347 255
39 157
538 524
6 494
375 773
472 604
226 75
237 275
648 639
441 999
151 660
906 187
1 935
164 769
574 844
354 499
658 179
15 106
221 833
826 613
829 642
651 594
302 514
178 564
264 183
877 118
829 755
649 117
815 320
17 259
790 646
166 172
574 57
703 415
174 683
857 107
344 82
754 421
676 680
114 580
562 752
445 492
522 361
468 70
705 216
373 122
815 23
853 320
800 308
783 565
951 599
990 235
630 469
62 734
446 889
896 802
645 581
775 538
408 636
32 652
16 1
913 789
827 843
442 295
405 401
98 645
281 99
559 368
598 734
982 889
452 924
845 675
420 370
11 134
357 793
577 962
941 97
628 393
710 678
290 181
607 826
210 380
487 616
895 206
189 640
781 925
348 274
389 304
462 286
530 814
200 265
879 459
315 584
906 36
914 840
485 377
33 104
98 438
994 901
958 824
794 825
752 735
324 584
532 245
200 630
311 950
10 736
192 550
583 746
769 638
184 202
423 917
281 900
510 764
982 396
597 299
397 395
243 784
18 535
807 704
648 87
734 130
407 214
9 643
674 663
89 493
531 258
153 502
701 206
424 390
499 970
118 96
190 685
891 800
840 782
398 958
628 949
22 890
246 196
563 2
83 71
169 606
738 36
888 649
672 760
102 391
139 395
474 822
645 697
975 166
457 251
226 483
914 586
191 245
810 651
885 27
125 320
163 127
326 985
477 323
797 996
429 480
50 919
521 994
496 835
23 584
357 142
763 903
381 24
499 311
133 637
225 500
797 518
101 137
840 55
915 583
521 732
975 651
941 359
689 278
319 215
855 481
384 956
403 136
984 681
59 762
9 257
906 17
512 440
967 632
953 218
238 76
539 913
885 811
52 272
489 602
273 549
937 718
789 693
116 671
18 371
155 63
631 301
523 454
576 696
691 665
390 341
307 224
53 396
781 866
458 348
683 781
276 685
264 237
265 692
913 256
68 183
238 635
226 67
526 116
485 930
643 312
383 235
19 498
297 244
70 995
290 975
572 353
210 734
637 837
659 787
22 682
198 71
41 761
800 491
692 553
315 502
73 191
457 216
23 569
481 194
248 179
732 925
988 311
785 535
845 666
535 162
884 832
421 974
426 824
283 997
564 89
344 757
127 810
426 715
779 325
58 435
68 132
695 41
680 286
93 887
723 416
104 688
279 273
999 375
362 776
629 982
208 414
687 886
661 797
223 734
668 889
299 134
245 846
368 931
424 853
632 324
981 519
581 629
471 269
149 505
833 600
410 593
670 181
177 960
425 478
208 986
485 585
583 541
14 425
414 518
753 306
181 825
55 784
994 572
890 637
318 226
873 617
298 374
597 370
890 492
283 246
156 120
284 165
622 927
477 785
863 467
173 667
972 329
155 891
467 371
784 607
490 688
93 501
75 854
113 415
139 757
486 652
527 942
16 376
108 150
951 626
292 477
455 643
663 190
471 165
45 643
11 575
269 253
58 638
832 105
446 985
670 973
452 810
952 690
476 176
810 688
975 158
260 657
944 706
525 411
875 986
953 884
92 448
898 15
607 547
650 956
944 337
282 280
819 563
126 35
51 836
701 555
483 850
543 216
471 237
453 418
629 825
152 179
888 125
102 514
436 747
682 558
849 374
944 14
621 778
594 700
436 666
419 588
375 919
531 591
608 256
347 212
152 448
643 918
293 529
333 272
962 320
416 164
860 551
184 64
129 577
7 608
47 983
138 913
892 112
228 113
125 543
536 772
887 143
262 566
764 442
530 286
633 1000
329 679
248 849
302 626
288 204
435 15
212 891
852 964
114 581
795 172
835 703
363 753
285 642
914 306
191 808
75 963
369 738
614 692
47 361
527 563
362 381
761 81
154 97
447 932
748 313
306 356
554 375
776 540
598 735
656 50
433 111
70 356
773 151
334 409
83 155
140 882
399 551
702 900
349 676
187 201
315 508
673 642
452 179
756 606
814 641
525 754
345 738
570 493
84 742
537 28
242 810
439 964
298 744
134 114
483 556
175 958
159 453
953 332
266 413
267 940
509 753
807 302
95 616
115 294
668 720
885 854
928 397
160 999
930 215
15 427
313 396
948 786
665 610
209 366
545 500
378 431
472 936
215 816
401 412
863 740
590 420
208 930
118 421
941 966
29 140
325 757
677 608
198 604
255 628
312 896
144 291
631 249
265 270
284 126
521 93
248 877
564 37
503 283
955 45
554 31
421 4
562 514
230 924
61 110
246 170
429 906
545 929
843 132
203 293
921 594
829 105
924 323
840 670
540 836
205 820
616 665
11 583
948 760
349 117
791 130
761 109
120 867
905 779
571 508
609 161
221 187
519 628
537 301
258 342
991 984
957 600
746 925
598 874
841 999
895 316
474 760
845 983
8 55
25 242
742 417
637 341
675 104
111 882
348 320
573 665
902 305
742 48
251 631
840 56
824 669
38 683
314 323
812 70
229 84
447 493
158 80
472 759
626 743
65 632
926 85
87 203
704 468
570 227
418 340
864 908
521 445
650 27
216 619
915 149
312 190
167 192
299 456
66 501
911 193
952 398
825 241
221 904
592 36
131 416
118 304
191 703
602 453
952 824
865 669
701 271
117 760
616 313
955 834
856 328
496 468
274 315
772 78
942 634
781 264
333 105
397 63
274 330
630 185
340 63
641 782
89 377
245 877
199 772
572 354
274 733
978 585
575 633
136 713
936 109
957 297
101 647
410 92
619 214
126 298
608 549
130 47
373 339
904 869
292 239
188 968
137 810
694 454
966 347
744 612
348 6
538 114
798 59
413 990
56 709
54 976
421 815
150 487
484 341
908 311
175 784
270 744
736 22
220 383
862 954
367 504
650 330
564 788
746 147
285 309
765 471
24 1
428 291
659 617
144 143
419 544
354 651
726 403
765 503
146 767
453 769
438 993
937 553
891 318
88 513
290 529
450 784
310 724
475 844
85 220
485 658
622 45
414 662
588 197
271 299
666 779
332 267
152 929
463 595
393 409
485 400
386 754
773 998
687 864
924 118
428 901
964 855
89 443
18 905
181 587
174 764
321 856
505 171
877 323
610 222
627 804
114 945
334 966
615 595
616 563
636 558
622 212
307 266
1 715
495 689
442 559
60 82
387 482
53 167
583 134
358 198
929 26
349 12
407 687
897 674
454 329
992 864
421 528
940 512
939 991
54 658
880 949
136 879
598 803
167 614
267 84
987 453
533 849
954 498
737 254
3 622
885 430
617 832
190 101
343 406
680 394
497 962
777 528
888 237
854 518
100 578
239 86
756 300
940 219
870 284
929 302
858 380
472 687
306 999
200 382
147 345
223 578
590 222
351 302
775 440
284 373
551 167
53 176
130 879
368 686
989 836
683 25
560 300
981 852
213 314
233 532
342 150
90 439
38 191
39 338
385 879
298 216
708 515
279 555
911 942
695 775
705 771
118 376
908 736
691 720
240 214
369 822
840 319
78 942
47 165
585 710
931 72
594 793
973 643
109 252
729 167
838 259
307 505
109 957
57 738
631 856
869 835
339 968
89 42
140 303
434 972
867 382
619 769
467 108
819 451
732 544
128 734
182 513
927 49
684 963
995 514
814 202
214 918
106 871
908 298
73 118
760 280
335 210
603 930
819 737
331 779
245 705
784 151
676 909
185 622
921 34
186 192
245 626
396 596
903 39
245 995
949 997
642 783
114 741
261 483
100 349
315 586
134 2
580 86
802 56
479 968
410 925
660 61
693 51
722 549
754 476
744 117
228 430
87 501
859 324
560 247
864 702
117 626
464 716
659 93
284 559
591 938
759 84
264 243
945 803
543 823
657 908
736 899
117 307
972 259
22 542
338 675
890 148
601 223
1 785
753 948
352 523
27 37
408 868
108 72
75 785
386 988
776 332
544 248
636 598
326 162
734 63
957 260
245 18
658 107
939 679
150 15
106 859
674 65
12 251
984 700
896 558
664 570
908 445
582 300
295 969
513 80
497 680
23 586
244 919
548 251
181 510
275 633
737 294
831 404
617 792
845 91
125 17
271 749
332 882
149 257
320 909
372 510
198 930
769 412
20 18
634 68
707 184
907 298
985 574
87 202
860 458
133 942
462 538
547 656
169 602
612 458
406 793
834 860
122 602
95 694
185 288
77 722
764 396
179 318
87 409
570 949
955 885
117 598
999 664
803 809
41 434
963 559
783 216
455 379
437 924
43 637
118 211
965 570
285 728
797 393
614 787
64 155
283 443
79 905
734 392
530 516
900 314
322 718
343 984
678 371
787 399
961 941
871 358
639 154
72 916
469 766
79 116
861 140
22 102
827 804
923 489
541 858
466 404
999 2
136 992
589 770
148 568
63 687
818 336
451 393
324 153
283 916
819 582
141 590
37 653
386 407
174 494
183 356
521 877
495 54
723 275
997 912
949 989
590 33
183 405
119 539
335 718
432 807
622 502
107 871
729 245
185 241
594 367
873 188
160 945
626 860
581 163
680 32
532 56
110 36
62 918
517 189
248 968
445 882
526 901
873 623
952 26
165 275
386 576
332 260
406 519
796 411
544 356
174 547
155 349
51 340
14 72
934 625
95 103
98 201
298 263
118 140
947 910
930 704
74 302
813 464
41 63
313 706
208 536
47 113
855 670
288 384
239 985
203 287
597 963
231 941
947 172
416 548
297 807
989 212
137 986
803 70
766 597
932 143
455 530
439 393
819 279
268 55
371 101
775 576
368 461
158 578
453 142
619 673
274 883
137 837
73 443
185 593
42 842
84 541
603 615
264 152
36 408
903 194
138 456
621 887
693 538
875 651
452 232
326 655
940 69
983 225
965 406
551 989
632 243
261 287
279 970
401 660
219 397
935 467
223 589
388 918
941 574
173 738
854 737
256 812
712 282
933 766
147 201
621 699
6 135
364 676
290 707
204 61
981 851
863 92
643 694
554 263
343 72
920 741
502 937
178 563
252 640
455 29
601 694
829 752
961 440
639 649
209 115
22 905
990 829
208 629
9 868
377 290
430 377
690 504
260 819
929 548
814 515
93 471
350 446
629 634
944 819
155 188
433 306
105 211
574 489
705 334
154 508
874 591
265 829
128 735
452 320
331 556
481 159
378 513
724 357
430 835
141 436
309 562
866 124
934 755
224 86
443 180
941 205
871 140
598 844
488 587
408 700
913 564
394 188
332 708
996 675
278 742
893 805
270 822
162 391
254 225
201 507
239 151
832 563
157 384
893 918
365 149
788 294
830 932
93 558
256 181
684 407
759 973
869 157
337 4
821 623
90 852
876 859
953 338
203 607
522 217
834 599
489 722
931 391
309 103
497 207
155 953
708 819
216 657
694 890
806 608
919 835
835 176
85 433
565 967
512 253
167 175
711 434
195 198
944 834
231 752
972 94
498 981
561 753
982 387
394 744
776 480
532 470
829 276
243 859
963 562
88 792
847 944
574 216
597 153
913 170
243 436
736 883
988 592
667 455
982 732
35 529
112 140
274 759
493 513
878 181
874 528
362 460
166 568
357 759
962 183
554 593
370 834
810 743
852 414
121 140
214 947
415 120
311 59
82 225
889 151
879 802
728 787
715 575
555 802
558 91
653 381
656 431
15 932
609 385
599 554
710 641
732 73
862 988
704 554
119 641
336 265
428 313
967 740
794 582
600 777
704 241
34 947
876 974
509 659
664 102
773 460
386 295
722 484
581 559
217 724
215 865
241 238
518 16
810 831
502 759
449 505
843 649
437 328
630 755
375 492
768 482
471 569
494 394
373 763
375 413
696 4
255 763
57 974
354 152
544 456
303 81
714 616
933 202
172 651
668 105
545 978
880 463
979 369
607 116
238 745
204 521
575 746
821 694
761 301
430 46
895 63
918 451
210 876
616 759
466 258
563 912
610 397
477 130
870 859
408 231
261 870
559 309
875 896
77 510
187 130
25 35
119 839
745 428
769 172
275 551
331 931
280 911
194 557
637 375
304 53
567 108
770 270
917 77
550 444
171 295
985 895
488 48
287 618
290 474
399 172
682 584
293 570
741 491
802 97
604 821
492 639
170 247
243 471
731 442
775 487
246 677
726 371
68 633
593 462
632 660
946 694
412 126
952 27
523 628
543 889
839 470
459 906
977 585
908 589
195 916
456 916
921 690
865 552
94 170
956 833
39 543
153 660
114 920
305 625
179 168
911 667
736 827
787 937
37 10
312 519
991 457
300 684
299 771
992 265
253 652
549 943
17 214
933 448
93 355
809 178
477 964
792 896
44 681
808 118
644 772
349 10
611 843
830 555
118 841
121 219
603 811
495 913
563 797
12 45
801 912
344 549
515 158
365 945
295 606
98 620
365 553
267 505
197 136
324 882
681 571
612 873
477 392
428 76
176 957
448 690
734 99
660 487
419 275
223 793
264 708
187 738
215 229
509 904
537 5
497 960
153 268
637 396
655 733
216 765
591 495
629 600
834 624
45 503
263 320
216 775
794 958
198 890
546 471
418 410
863 636
298 932
336 255
320 660
803 565
351 441
318 50
545 94
998 656
912 967
621 331
108 674
899 707
238 869
994 735
554 924
892 226
803 787
950 966
847 305
373 691
526 785
235 702
143 768
575 332
706 493
339 748
213 139
624 814
377 977
701 166
630 372
781 334
914 555
674 766
625 340
737 626
900 364
896 755
35 453
143 918
239 877
644 873
266 609
648 364
559 30
799 409
504 890
838 35
741 828
819 370
892 900
138 720
112 478
3 257
193 691
178 297
549 310
738 465
58 655
637 733
931 820
749 815
55 66
186 558
907 213
301 830
395 441
141 661
881 868
111 859
183 318
138 493
107 512
860 194
935 656
2 620
671 851
744 443
754 670
446 248
205 4
647 429
820 201
712 168
436 1000
932 981
385 574
208 135
635 137
86 888
911 377
843 543
751 126
399 21
807 184
369 404
299 481
602 202
983 347
952 501
881 305
463 759
800 825
416 50
308 448
554 504
223 215
282 720
27 360
617 408
467 609
375 440
17 338
659 95
199 110
630 438
248 880
504 730
6 971
212 378
674 659
553 322
292 306
296 181
813 912
332 317
636 993
514 559
365 565
541 594
891 661
300 137
435 443
2 234
404 682
131 914
840 528
988 440
681 448
775 634
351 644
727 797
303 609
876 357
549 345
992 946
438 776
576 425
119 973
948 793
646 636
225 302
82 113
923 557
179 717
309 646
58 390
229 383
598 984
380 765
471 865
400 637
906 399
777 489
208 438
480 715
749 471
263 234
641 62
167 662
590 971
591 310
542 878
615 396
945 864
12 569
91 16
863 918
898 566
722 338
885 646
965 282
356 84
655 954
930 135
803 751
682 996
205 185
777 776
315 985
523 284
981 52
25 876
128 292
238 195
556 860
274 277
171 134
877 792
787 464
717 175
649 471
805 395
367 635
298 158
839 493
712 662
844 389
28 90
446 761
179 478
883 832
688 872
799 784
47 95
412 680
400 352
607 119
810 279
905 505
356 861
451 870
758 16
540 195
476 313
353 34
62 666
945 486
212 227
753 513
810 728
410 202
31 254
508 761
988 307
510 91
511 486
278 845
943 597
650 535
137 952
908 419
893 891
131 127
640 861
206 18
963 373
125 66
189 997
797 742
711 928
707 166
128 115
183 407
107 803
134 57
848 720
30 126
34 101
220 664
522 158
836 306
124 508
60 943
834 953
825 967
733 598
630 818
117 869
152 279
925 100
146 269
367 953
336 163
472 867
324 731
365 40
275 192
605 914
345 4
398 748
806 139
754 216
8 84
599 448
792 141
56 320
312 810
635 987
796 4
249 337
930 734
805 466
971 54
187 519
117 330
905 388
725 11
770 538
312 520
210 559
791 993
459 632
504 863
141 172
519 273
421 635
871 388
430 186
388 226
184 800
421 541
937 513
546 646
784 31
141 398
555 988
311 98
923 612
709 488
8 277
612 874
150 954
867 771
779 357
935 542
78 53
760 76
813 190
335 910
177 153
488 783
806 777
703 659
885 604
581 819
620 735
457 645
3 881
507 283
177 5
20 552
242 996
560 449
781 935
67 211
697 168
695 461
661 333
864 951
497 178
497 411
501 730
32 281
226 699
416 184
807 100
574 881
208 954
65 839
997 374
599 134
379 35
458 446
789 602
561 715
47 832
673 504
730 194
787 121
91 516
79 170
62 135
9 793
47 817
263 916
568 8
753 60
626 258
596 606
562 538
430 282
69 570
311 621
437 978
151 196
759 147
818 835
771 331
476 451
334 545
207 349
395 623
577 409
64 116
84 127
610 451
149 709
409 168
576 380
546 827
179 978
418 678
735 713
59 184
867 577
93 885
804 118
805 923
168 464
508 400
932 274
700 518
297 797
427 730
421 99
96 129
44 97
102 939
842 626
628 167
719 776
261 480
690 574
529 644
822 3
436 890
682 638
629 571
970 483
465 222
626 787
54 296
203 558
96 606
238 523
820 919
74 849
181 91
203 959
534 977
169 611
232 305
160 874
855 379
473 405
901 451
503 241
216 433
235 639
329 758
534 819
938 88
955 874
764 474
90 313
760 962
740 339
251 396
728 566
436 476
735 216
902 721
266 29
415 550
622 714
131 247
938 781
758 410
555 442
227 350
299 829
139 672
965 724
452 569
804 726
408 703
192 22
451 739
892 715
311 279
978 752
689 611
430 131
697 828
662 830
240 689
26 20
979 166
192 308
50 586
607 470
560 623
465 749
179 607
572 926
760 166
300 185
68 173
577 458
824 835
25 246
275 371
339 402
341 666
327 801
953 402
952 311
516 836
622 513
742 52
710 534
381 132
920 244
373 325
744 408
765 126
125 159
682 594
366 155
370 230
816 916
835 112
418 336
57 16
441 945
742 993
601 723
941 803
755 342
21 550
371 545
688 301
506 760
513 694
240 420
937 578
459 130
467 655
986 430
911 114
807 957
213 96
806 255
113 148
155 427
554 624
910 41
991 709
903 992
192 852
209 778
50 270
198 158
164 282
183 622
455 261
60 219
687 942
190 150
943 16
140 355
303 945
148 886
60 74
153 984
988 400
486 884
144 245
455 747
862 467
262 740
73 162
255 142
183 957
6 670
207 43
852 444
33 886
182 383
511 606
573 358
336 939
961 716
568 858
521 944
813 456
599 603
271 94
738 322
718 383
585 487
921 31
353 749
546 436
716 868
714 416
663 571
449 927
86 596
819 873
270 671
983 586
932 520
256 57
157 247
159 409
354 647
595 959
502 567
105 335
582 715
880 989
807 242
403 24
741 122
202 697
337 876
449 298
470 266
795 667
152 647
122 637
388 98
246 298
127 827
677 548
270 74
476 811
994 680
11 917
99 20
276 96
121 538
97 555
672 27
903 964
249 193
48 958
269 20
329 377
535 281
238 651
101 965
362 499
566 965
862 60
59 433
824 47
278 157
49 763
196 638
838 453
126 507
370 825
121 217
429 240
35 891
140 101
468 362
628 399
550 728
24 269
166 721
352 990
634 281
836 957
879 716
983 702
965 95
129 333
742 259
427 824
637 567
139 180
12 190
775 867
617 699
211 294
54 944
129 111
632 881
371 44
817 186
103 477
559 542
901 554
573 733
426 458
745 168
802 161
505 807
517 730
974 483
854 629
685 856
30 91
868 817
872 436
85 553
843 97
140 451
803 678
589 73
955 611
778 488
392 291
657 745
325 969
142 851
279 808
511 592
147 59
540 674
25 667
924 769
816 698
302 661
78 84
801 202
86 60
267 754
911 5
659 212
554 258
275 223
264 76
506 377
172 233
235 547
64 994
181 649
593 697
665 852
26 714
522 759
62 132
599 487
947 894
285 635
549 670
145 200
933 831
296 332
304 887
130 687
705 33
9 762
728 254
257 759
9 587
566 929
236 316
516 158
790 341
918 286
908 800
305 680
684 959
723 803
384 507
917 719
538 148
338 142
339 155
13 358
287 91
964 236
720 890
37 608
495 804
666 112
852 347
768 512
550 934
699 504
461 805
683 579
599 515
545 515
609 491
522 482
461 950
790 330
722 481
63 219
724 627
375 961
474 434
38 531
917 244
102 650
397 880
859 13
39 191
821 721
544 995
255 797
721 189
10 192
483 158
273 716
536 246
309 828
208 935
796 312
356 359
378 283
203 156
26 703
317 396
178 978
839 267
640 707
697 278
826 754
104 502
658 475
606 445
113 376
616 337
209 278
898 890
35 645
696 329
260 786
415 694
532 678
315 788
745 889
173 384
634 468
363 30
516 370
352 365
406 14
818 70
691 236
343 929
292 97
170 837
358 842
950 56
219 620
736 434
671 660
667 772
173 51
672 638
379 898
24 669
97 505
775 794
307 426
230 63
987 400
839 659
515 361
76 657
324 939
955 126
793 79
685 41
559 624
873 281
84 592
625 722
682 773
485 84
234 340
457 755
600 331
839 797
160 570
68 979
915 954
54 154
976 828
423 115
704 715
686 591
379 54
401 593
493 235
224 544
891 440
708 786
621 751
68 753
17 897
919 864
281 675
596 979
946 830
506 761
927 705
705 685
924 841
531 985
825 244
665 867
317 400
719 233
412 388
365 356
646 507
249 443
895 980
398 834
421 35
773 798
958 282
448 463
467 349
87 872
364 179
809 970
847 518
630 178
580 899
356 863
430 450
966 144
624 967
737 696
226 191
976 414
535 474
978 725
106 808
988 414
491 862
582 372
455 955
187 441
150 47
98 724
463 476
407 654
243 806
211 570
220 167
862 754
644 577
295 695
61 938
933 239
509 159
521 951
19 320
501 291
474 729
683 857
928 782
140 646
803 478
660 445
309 265
457 542
765 144
803 431
989 552
205 121
47 651
831 261
337 65
449 527
357 398
57 450
703 863
850 769
800 534
319 70
967 602
402 782
555 348
795 749
533 193
161 477
255 981
915 180
846 924
530 293
669 125
483 214
160 147
693 119
17 766
808 799
200 692
994 566
868 195
796 352
356 319
765 581
969 876
327 110
4 915
740 389
853 226
191 463
173 669
522 675
616 282
782 81
5 745
593 638
902 670
771 337
61 145
744 525
528 586
468 149
141 89
568 315
207 358
889 385
338 393
72 662
368 204
880 204
662 884
357 524
374 762
863 730
718 527
59 158
838 228
201 225
517 368
597 515
824 909
861 398
720 814
93 804
224 61
320 810
372 237
970 518
497 776
920 271
339 992
48 122
513 128
642 586
811 935
868 732
408 82
962 521
846 175
295 159
333 40
120 459
266 483
926 73
306 992
238 415
355 705
651 796
980 928
752 859
881 697
421 714
329 983
958 775
821 117
974 368
397 557
489 532
975 796
184 664
319 856
602 100
587 760
410 125
938 98
117 921
82 812
934 510
369 856
853 134
700 16
866 371
759 252
581 541
554 180
44 874
31 636
503 595
51 82
424 935
681 207
630 250
631 428
451 777
468 169
158 573
658 809
735 789
314 531
903 713
819 454
13 387
89 549
273 478
535 2
957 364
46 53
598 614
31 803
112 465
10 618
980 290
72 963
284 124
215 709
926 679
803 921
620 904
145 966
419 163
547 191
784 283
825 577
96 131
722 75
903 34
102 937
983 784
453 529
609 347
37 978
798 159
671 151
567 454
327 605
312 330
20 123
544 885
923 910
194 818
357 454
693 284
513 910
785 929
699 935
424 787
974 367
972 58
372 645
636 346
295 589
440 93
80 68
522 39
726 335
103 900
308 92
327 272
627 310
481 928
548 38
568 200
52 89
59 60
721 350
960 562
393 331
947 812
235 526
518 496
532 466
332 328
208 710
122 148
359 609
696 219
307 173
971 99
592 348
152 781
41 700
730 454
325 930
78 731
442 654
960 335
154 314
467 305
490 754
239 797
758 11
830 900
136 656
328 11
653 413
947 232
966 196
439 348
248 851
788 787
165 764
519 989
886 286
466 429
603 788
839 620
291 170
558 449
23 867
210 934
373 490
505 674
215 475
608 893
497 722
46 307
193 781
822 336
714 377
404 233
666 196
462 419
945 955
181 505
236 884
867 938
779 60
512 657
343 85
998 275
124 356
786 675
389 960
721 741
698 55
613 184
405 995
941 753
108 944
214 577
542 15
146 292
608 391
846 897
25 673
232 310
247 396
763 23
621 383
694 757
808 804
751 780
863 710
683 100
686 921
192 932
470 260
256 522
938 58
223 52
161 643
750 191
623 439
97 525
960 653
208 674
299 637
605 685
175 388
381 921
420 799
293 23
776 15
584 812
827 716
935 655
652 561
969 691
456 602
683 689
903 640
335 450
182 740
176 585
28 490
212 127
231 173
931 715
164 250
737 627
538 299
496 730
559 467
732 997
405 353
580 561
410 201
49 789
748 383
770 121
168 283
903 311
943 598
803 227
469 987
612 881
59 83
187 134
633 186
45 92
84 518
603 542
803 112
310 64
462 447
444 670
429 334
214 556
430 601
125 95
185 794
438 420
846 33
25 833
241 192
538 560
727 358
489 396
876 776
953 285
239 56
881 515
309 42
683 277
52 521
243 298
848 707
