983 2738
88 147
179 393
643 931
808 140
335 956
653 92
87 229
216 589
944 471
911 178
667 285
32 367
506 282
537 825
312 975
810 856
852 134
942 181
943 41
253 655
179 651
515 878
73 967
650 516
779 360
47 798
48 840
547 811
395 526
53 62
237 817
915 258
373 135
699 514
465 482
110 511
408 817
443 626
300 435
340 234
747 602
547 521
841 94
833 372
304 683
15 866
566 406
475 812
584 522
464 59
543 279
929 714
694 897
680 592
755 149
371 41
409 209
838 828
909 164
106 454
425 190
218 927
173 233
760 500
730 531
565 504
772 361
81 586
105 151
324 780
588 702
503 649
355 731
672 353
658 387
677 421
492 45
224 376
332 249
479 687
274 227
390 579
600 568
257 798
899 915
406 372
818 153
286 974
144 488
737 612
652 958
652 459
563 663
638 818
180 817
14 744
902 29
742 395
670 9
358 384
16 833
589 572
767 973
365 306
202 916
723 791
686 759
28 627
227 659
838 755
931 185
326 872
93 19
847 579
975 117
499 292
890 226
700 172
811 812
462 700
949 353
348 649
30 581
756 235
791 436
577 389
780 286
180 943
783 677
747 713
794 379
890 378
263 140
712 405
713 361
509 363
113 597
516 780
246 811
389 129
920 709
632 338
363 592
827 366
152 539
364 640
252 833
648 272
232 619
228 523
639 200
415 935
179 934
109 323
422 352
10 664
689 263
450 396
231 74
567 91
199 925
422 499
854 470
162 107
608 135
455 121
311 67
168 808
578 547
316 14
82 137
231 808
454 819
862 1
314 84
778 232
245 1
797 500
380 725
876 690
367 457
522 480
392 218
472 936
808 407
882 386
530 450
116 894
874 508
924 469
780 959
485 602
107 251
949 459
110 739
202 726
796 951
559 813
375 880
689 414
72 331
53 554
256 886
223 870
798 372
415 570
491 448
30 419
628 169
901 629
812 80
10 960
411 131
12 195
747 557
658 311
35 623
164 329
756 277
705 880
444 630
9 636
104 916
915 462
57 2
258 133
974 73
10 802
534 627
798 929
913 284
674 352
550 801
115 110
627 272
948 489
842 254
842 611
648 46
243 210
124 28
300 737
319 628
982 721
272 732
80 346
889 463
541 558
542 324
546 238
416 213
382 449
383 616
66 331
502 48
603 16
931 703
971 897
733 802
27 758
484 861
654 970
472 957
234 804
201 47
511 947
88 2
401 717
589 308
476 844
83 944
612 32
483 770
889 702
764 830
637 40
33 410
586 400
930 565
768 408
538 581
618 302
405 586
329 908
224 202
76 738
278 408
98 882
944 126
233 438
12 422
153 546
98 696
269 385
725 7
236 590
797 288
11 375
469 944
93 185
55 614
211 291
172 962
474 726
413 893
551 699
536 538
385 655
136 424
798 336
210 22
692 869
949 972
436 689
900 426
704 597
744 87
651 517
527 414
16 285
311 771
477 429
206 846
45 670
234 968
884 469
354 149
449 327
156 899
729 877
241 599
353 577
318 557
409 727
621 375
877 781
683 92
43 374
905 509
100 759
464 743
199 182
702 91
321 98
540 223
953 902
698 892
364 339
125 917
539 426
204 740
327 777
190 555
437 308
95 981
169 590
805 900
465 701
429 26
909 325
143 70
57 692
701 686
333 596
63 725
137 185
229 72
583 3
767 358
471 415
300 595
872 340
509 697
679 374
59 630
693 341
427 807
447 469
598 567
925 797
251 277
434 207
345 357
551 237
364 473
298 536
537 362
457 749
795 123
961 151
214 858
178 91
623 348
511 45
796 282
826 603
637 879
726 95
721 755
975 227
81 768
37 900
558 627
412 975
291 595
459 793
128 691
715 713
124 273
490 10
917 194
167 370
226 682
541 33
120 3
85 229
912 879
145 411
538 402
116 362
212 149
878 269
246 518
164 426
24 487
794 663
10 883
552 8
918 203
849 141
610 543
65 146
339 623
728 3
450 227
417 892
604 768
92 698
716 151
41 409
486 605
68 8
183 898
771 597
354 35
501 776
581 579
892 828
533 632
344 786
455 739
916 791
632 242
812 603
156 668
113 408
640 849
700 916
670 7
785 197
163 377
117 892
171 188
802 640
839 80
58 839
154 143
580 653
138 69
956 764
839 225
398 100
740 45
744 637
266 481
242 599
283 377
5 938
763 440
582 353
86 282
930 203
73 842
972 287
976 576
353 425
852 114
776 52
582 496
948 653
254 833
886 571
188 778
796 156
67 619
449 420
108 671
385 864
78 290
613 802
322 509
119 498
818 983
51 265
866 409
804 211
236 448
935 955
673 819
655 434
932 820
165 130
26 632
121 241
412 176
281 758
140 416
324 727
112 476
96 683
716 772
461 253
138 738
468 497
553 506
352 725
130 601
500 898
459 718
449 763
156 745
880 155
40 82
938 417
486 12
9 430
389 930
49 740
946 106
969 475
951 784
475 245
796 461
762 841
728 910
603 164
624 239
881 314
2 37
116 443
5 739
210 269
157 306
88 39
310 653
200 704
22 403
958 17
155 139
377 724
232 252
107 729
920 947
556 564
867 803
616 215
934 884
48 137
967 114
480 706
154 82
730 953
303 593
218 526
230 588
674 407
70 898
365 905
577 545
433 41
857 798
14 144
491 575
204 774
904 84
356 918
675 125
345 309
36 607
24 258
237 144
662 622
439 110
85 282
345 937
180 16
290 592
882 269
476 420
509 44
292 931
498 149
43 761
355 187
565 857
540 617
579 290
190 182
981 196
547 489
171 751
37 124
538 857
8 313
155 698
121 382
514 552
396 935
701 798
98 534
233 893
394 320
839 663
716 72
292 29
561 487
49 893
85 476
157 163
137 9
678 20
51 292
789 255
428 179
650 794
760 897
615 886
49 974
965 584
801 447
32 673
90 198
649 710
500 555
964 599
161 211
417 518
823 154
36 248
819 49
167 925
538 723
297 281
463 283
768 84
848 688
447 888
780 651
34 805
128 648
5 901
59 791
351 358
232 289
192 180
238 379
222 42
618 950
915 114
49 116
982 430
588 766
239 329
39 822
260 545
464 583
619 653
873 858
676 40
110 19
132 772
375 117
395 302
34 826
973 256
541 92
912 457
569 728
968 640
843 163
294 757
299 750
329 615
218 783
702 32
570 456
541 382
889 901
694 238
225 960
541 858
899 758
76 45
759 957
210 913
427 413
965 15
16 277
694 8
288 927
369 721
316 56
317 849
134 474
655 919
683 893
265 590
304 858
17 443
382 333
503 580
792 659
460 513
226 412
283 591
433 395
140 537
179 526
787 485
256 976
919 175
905 238
624 723
969 698
859 169
672 146
31 27
716 785
309 741
145 908
519 939
506 952
697 869
781 306
124 878
105 959
382 633
441 247
200 799
55 724
757 713
352 208
726 427
344 831
755 850
41 865
847 224
265 3
194 235
161 466
254 401
880 800
185 468
314 135
705 541
794 653
379 388
191 673
145 9
455 161
184 593
21 951
176 923
708 588
768 554
109 617
864 968
978 554
742 484
156 113
126 500
606 34
4 720
332 197
486 603
218 236
805 872
588 616
347 384
572 658
904 567
906 970
181 606
566 485
809 43
618 365
748 328
601 353
694 419
658 151
879 621
292 915
344 472
507 804
53 5
492 48
709 778
519 918
978 692
484 903
485 869
273 61
227 306
895 835
202 252
748 53
426 773
744 631
726 246
488 598
822 826
897 836
57 474
705 832
953 938
367 439
885 123
462 409
29 714
232 490
360 319
427 845
624 822
217 192
554 193
147 749
576 905
386 184
723 308
321 642
86 482
273 892
950 598
871 497
251 171
870 195
357 431
860 515
144 751
507 837
487 672
700 940
849 580
813 598
62 501
341 923
309 189
903 613
540 417
482 12
873 479
86 394
735 643
235 147
324 726
771 312
82 335
766 296
110 257
422 626
274 860
940 89
675 933
68 797
18 195
329 225
754 642
459 392
204 794
684 199
207 192
83 462
639 205
894 528
71 401
183 294
460 904
464 518
268 219
162 562
72 97
36 690
312 464
185 505
631 931
673 28
451 7
866 669
464 138
102 668
711 333
797 108
270 45
369 259
906 695
428 969
70 750
386 681
652 217
450 394
233 42
293 832
493 51
901 513
701 868
296 820
206 475
291 177
198 221
917 247
635 688
229 143
622 430
785 941
589 159
536 469
153 504
77 384
796 452
654 836
90 118
914 123
571 627
398 717
129 79
634 817
18 983
936 366
700 671
112 912
351 402
134 107
524 922
637 639
658 592
480 688
699 766
593 279
635 585
15 854
295 955
278 79
979 302
820 457
208 869
612 897
10 197
157 402
106 644
635 331
410 273
618 602
431 275
879 474
408 354
38 211
938 69
100 467
318 163
340 577
952 526
982 322
556 401
149 37
919 90
549 37
219 276
609 505
494 723
542 983
101 141
339 654
874 306
567 416
516 88
241 570
973 276
439 557
78 151
423 823
9 71
604 528
843 872
202 710
921 140
667 944
724 839
83 185
244 555
345 802
770 443
946 886
152 857
482 435
321 396
711 198
730 812
792 195
412 595
248 161
378 556
719 183
5 11
82 301
34 407
479 926
980 432
581 670
487 21
676 937
971 638
220 554
372 669
526 652
543 726
158 959
802 460
38 844
169 419
760 468
929 396
548 783
843 649
77 721
26 869
578 342
409 1
762 401
375 929
895 757
550 421
229 615
216 709
553 669
260 940
55 608
244 498
763 918
680 50
452 714
308 140
884 130
904 533
16 552
530 445
327 862
273 684
594 491
225 193
5 712
335 763
856 563
736 654
535 785
43 128
888 494
600 418
67 6
623 432
951 71
209 297
229 753
624 797
14 600
641 369
291 264
96 176
703 473
869 929
30 696
896 634
842 200
291 66
681 251
2 19
720 74
5 561
82 197
852 884
853 413
893 651
237 946
26 473
883 854
720 404
611 304
739 839
61 847
873 359
690 279
485 292
602 526
895 135
532 504
212 599
375 622
965 981
160 479
74 246
149 760
480 726
812 815
653 749
824 240
971 323
917 840
5 111
63 727
615 433
645 213
20 762
975 418
647 577
637 298
601 696
348 833
883 259
578 815
832 30
524 892
630 684
295 358
189 426
667 691
852 779
834 362
547 540
275 855
93 932
554 694
903 866
889 266
687 502
622 510
270 531
549 497
491 34
825 275
478 850
735 975
575 475
981 613
893 782
337 966
490 925
772 576
97 533
387 268
372 760
49 224
378 54
695 169
537 59
647 202
541 505
175 913
89 298
567 403
147 476
729 250
431 459
62 320
356 125
67 687
308 248
812 617
958 790
320 646
536 710
948 690
711 32
571 124
249 170
426 30
236 395
301 899
69 44
287 688
329 380
520 211
518 962
426 340
92 752
236 930
309 888
348 923
773 528
729 364
127 502
953 320
756 8
705 491
525 715
865 570
371 557
703 47
542 790
161 903
757 877
317 337
924 191
163 33
881 126
221 416
973 422
443 273
615 720
284 704
732 920
41 859
175 690
338 271
653 697
46 729
952 782
898 38
437 970
294 184
719 818
99 925
119 141
780 73
891 771
395 742
610 380
269 1
436 217
543 972
892 687
235 545
437 713
644 866
51 501
961 336
135 617
392 345
503 304
142 677
680 918
554 38
293 82
705 591
45 892
448 842
267 664
657 575
2 666
261 804
170 779
764 93
710 897
107 931
775 831
318 830
541 953
211 330
467 129
396 789
309 20
598 189
422 285
499 71
275 365
831 966
290 812
238 21
735 697
540 247
893 924
620 692
676 870
950 694
457 322
963 240
32 84
575 15
463 860
800 153
835 338
395 219
379 121
870 263
232 546
28 875
40 543
438 78
791 3
499 76
358 433
948 750
861 656
397 333
611 473
406 888
761 548
266 166
654 440
213 712
354 580
313 347
604 595
494 373
519 465
70 905
417 163
916 67
457 879
773 748
371 241
122 799
925 929
30 433
214 306
948 9
948 582
532 773
604 432
434 847
733 361
471 310
310 15
799 386
656 148
730 496
808 75
140 126
240 529
393 867
401 290
202 878
872 945
836 481
235 423
236 303
4 104
600 58
247 681
252 111
894 522
42 509
170 860
891 256
105 64
965 490
548 326
56 636
917 801
443 474
867 190
269 201
731 360
474 589
56 32
883 884
828 376
562 355
546 210
782 243
715 684
549 556
880 599
493 838
133 954
447 259
909 554
952 276
491 880
968 544
371 422
977 199
557 910
763 153
621 837
434 135
753 931
459 728
225 608
82 222
135 872
484 235
122 114
12 285
250 600
513 440
192 465
191 443
410 837
784 800
462 541
328 710
331 44
218 518
354 602
444 178
232 429
907 843
658 258
529 583
698 669
127 965
20 830
130 65
115 517
904 414
922 37
9 254
619 558
892 851
254 877
917 819
923 78
651 520
907 610
35 85
939 728
317 836
839 500
221 488
666 279
499 762
7 433
393 636
265 695
855 195
126 319
950 136
92 379
402 264
187 425
408 426
228 928
674 700
490 42
644 279
153 551
51 461
242 28
426 286
482 796
178 5
108 377
785 897
4 155
755 220
175 783
270 797
895 97
850 935
972 916
511 360
61 30
393 137
633 225
930 813
718 597
202 826
131 679
561 241
372 955
249 714
929 373
913 617
950 534
592 713
497 704
314 918
277 2
617 42
393 976
302 250
621 413
343 257
214 406
343 38
276 688
522 648
630 84
924 100
619 644
601 170
273 523
737 900
116 828
923 491
727 801
266 119
782 436
584 667
127 266
554 709
386 774
27 591
693 477
948 75
395 632
236 959
26 336
619 748
104 335
248 103
40 44
459 546
958 866
616 288
599 116
286 529
285 567
342 369
271 9
224 200
884 145
958 205
907 528
236 90
102 184
853 976
486 219
731 159
876 471
541 934
132 103
154 404
744 983
567 247
915 837
789 169
422 343
543 768
529 548
700 327
556 251
976 68
666 851
303 417
531 898
526 706
254 944
330 577
521 741
408 832
614 257
409 425
424 136
617 833
808 684
607 243
186 246
930 209
286 325
487 49
101 760
915 257
493 202
789 877
319 263
549 844
745 64
898 458
599 844
229 929
896 215
112 523
940 224
467 689
104 277
69 813
34 458
168 71
294 118
496 825
355 721
851 564
156 568
751 87
825 388
661 194
918 785
368 354
285 514
839 938
36 664
478 688
550 871
37 823
317 145
32 724
355 585
63 152
600 279
965 662
841 408
237 480
917 979
277 953
522 139
46 356
592 500
506 3
804 942
87 546
878 230
401 117
621 704
808 867
81 219
805 682
284 496
331 648
334 210
615 952
542 488
671 177
622 90
805 85
630 545
437 403
425 326
153 73
101 387
246 227
29 785
530 854
52 438
661 663
60 566
612 251
426 658
893 792
881 699
627 427
55 594
118 151
782 499
766 105
159 325
31 2
456 351
943 383
828 692
461 722
861 752
597 107
156 186
445 155
415 33
154 751
954 539
170 865
498 482
683 604
605 417
771 934
404 197
499 65
450 701
2 86
254 176
754 792
459 354
167 45
77 597
88 482
624 244
702 269
6 622
761 61
589 385
451 948
417 144
275 891
547 43
481 520
45 488
726 6
446 915
878 445
553 7
976 683
316 236
615 140
805 185
628 41
10 669
891 380
30 173
254 847
239 919
274 377
866 255
350 20
607 903
464 919
527 733
715 462
607 515
273 824
101 73
89 882
473 536
205 773
739 158
636 321
413 462
736 98
94 685
607 801
663 755
975 269
764 253
802 286
132 716
97 102
206 256
895 444
662 119
952 915
440 968
185 190
367 162
3 877
564 638
785 21
480 328
499 84
598 94
618 703
533 891
737 877
699 530
978 836
813 155
373 830
851 847
526 154
250 913
915 567
19 468
279 453
233 367
136 82
690 632
268 412
142 72
540 110
525 182
378 918
793 433
44 635
922 282
372 213
209 669
268 550
802 417
415 492
1 424
40 925
528 558
64 456
375 551
126 154
660 950
207 384
483 606
838 921
566 424
732 411
109 926
602 395
938 502
55 567
4 286
522 201
938 724
763 788
639 274
164 298
125 894
325 273
888 654
8 19
599 101
905 702
447 887
672 671
598 966
912 569
160 446
812 312
441 17
884 762
633 958
562 569
764 605
776 466
613 937
966 949
807 499
862 273
132 246
100 444
212 580
914 269
329 315
940 482
683 584
741 460
92 100
569 238
553 657
56 407
269 841
827 72
701 505
242 510
133 930
950 182
91 824
491 703
592 771
168 149
98 129
48 370
923 263
875 443
434 191
574 774
367 524
27 449
714 672
851 979
712 118
416 403
638 178
450 891
659 779
731 861
535 453
494 63
853 183
29 437
266 789
849 970
237 668
643 425
496 116
623 8
891 278
820 343
53 672
845 739
147 112
70 383
35 507
531 982
142 494
401 698
494 87
386 273
353 191
406 419
764 149
818 598
84 57
634 794
399 192
365 357
198 208
691 262
137 542
191 98
856 332
619 280
909 137
626 756
399 442
127 513
94 891
163 262
9 239
818 197
643 445
252 483
634 122
385 828
65 733
483 634
852 292
413 155
826 244
312 935
594 738
553 847
392 885
193 100
243 427
685 523
10 287
639 135
440 5
632 100
301 925
231 458
250 522
898 36
209 6
959 690
671 356
399 746
290 906
536 846
938 635
461 797
777 100
375 763
785 763
160 957
623 12
860 799
901 288
80 902
651 841
122 188
89 608
290 876
457 196
828 461
261 407
775 488
341 665
306 291
626 633
80 534
860 79
614 341
465 895
726 233
530 316
287 596
961 771
395 933
329 963
53 861
238 934
890 676
107 563
532 941
239 214
286 983
216 47
290 96
699 337
331 885
562 350
947 757
267 912
732 799
457 815
591 84
223 595
796 406
584 467
767 504
434 956
218 426
554 64
663 728
903 951
742 900
882 708
576 108
480 177
423 702
593 803
582 86
34 5
642 602
143 80
777 14
924 766
870 221
708 69
158 745
969 681
933 947
515 296
517 633
242 550
344 655
703 834
558 398
892 326
730 153
662 184
871 391
820 861
416 171
900 140
878 640
535 108
649 403
615 898
765 188
547 524
288 410
218 154
934 380
369 222
232 643
632 239
136 137
228 279
488 594
783 548
273 347
112 658
205 683
595 31
524 33
122 282
161 699
246 541
428 221
164 768
543 101
21 410
223 359
579 215
909 816
440 151
924 716
273 777
493 878
629 727
301 262
565 568
566 541
273 599
456 753
667 736
63 939
651 874
398 18
377 431
879 341
186 519
562 60
505 66
14 322
515 827
272 647
348 69
701 711
980 386
391 646
52 446
664 579
521 401
613 251
637 783
830 847
59 309
631 54
262 768
197 79
751 978
203 725
187 546
23 408
273 649
947 681
692 662
347 972
704 300
959 822
793 411
211 899
53 423
495 140
387 921
161 590
200 42
555 736
629 799
902 749
414 303
653 116
252 435
514 572
219 247
534 217
338 142
302 679
447 463
360 884
287 91
182 295
493 381
241 492
212 930
133 247
582 196
658 342
824 477
163 214
678 294
113 682
223 207
430 111
623 699
526 168
921 337
958 332
559 406
147 769
857 388
734 316
14 420
129 147
465 761
676 766
58 975
369 243
797 787
228 306
180 779
386 564
382 465
556 414
574 69
266 643
319 927
926 141
610 348
589 919
326 648
347 334
183 305
276 405
272 129
446 536
896 677
859 299
94 548
580 905
563 146
454 874
430 848
783 443
437 861
314 290
693 134
104 914
714 736
718 278
611 376
956 21
370 77
741 671
796 478
924 11
265 207
504 348
694 271
933 664
628 586
116 211
484 852
432 711
658 106
491 455
129 697
386 809
886 539
279 477
359 324
605 929
952 930
826 522
738 79
650 387
444 952
926 108
655 950
53 443
421 167
576 141
246 388
671 534
217 635
249 526
63 353
792 692
192 863
214 44
567 445
838 553
257 847
497 917
500 115
171 274
592 43
313 446
387 406
706 853
49 214
394 332
693 360
270 475
327 734
938 206
937 369
223 409
80 494
903 246
7 61
74 843
588 603
884 706
501 648
563 376
412 340
111 120
537 584
284 465
35 87
498 65
720 861
296 649
742 450
229 730
830 230
454 784
846 714
189 530
315 19
726 655
285 255
838 127
401 296
453 953
594 531
957 643
407 251
525 522
486 494
897 760
248 944
210 484
614 102
845 627
247 783
726 52
549 427
973 403
838 187
375 192
344 97
272 83
436 433
169 26
950 74
465 582
780 960
86 12
475 646
702 689
299 341
908 906
49 16
529 443
213 818
548 62
864 800
829 733
425 148
703 646
250 738
347 267
59 968
99 698
744 165
395 775
386 800
41 456
556 844
857 609
561 293
778 257
565 91
220 643
459 509
403 344
745 862
749 95
661 302
167 416
498 172
470 901
877 187
143 220
547 73
630 680
884 147
318 18
623 237
774 220
779 885
8 874
222 146
505 510
160 122
274 398
845 58
955 147
227 585
393 484
911 179
489 826
406 151
286 37
634 961
765 169
649 95
485 409
412 438
916 157
628 298
292 727
773 207
599 208
799 670
447 53
286 871
402 758
148 441
976 714
777 962
618 825
911 966
327 869
365 328
576 521
758 607
209 740
304 38
1 812
419 503
131 925
795 215
81 148
357 877
946 733
832 62
319 252
113 78
10 901
669 594
708 531
786 377
432 452
793 909
635 523
135 202
321 10
820 943
73 881
203 910
652 314
835 234
40 508
178 731
153 528
89 391
694 819
843 727
866 217
103 619
44 893
62 498
101 194
448 919
485 574
30 876
897 726
20 547
901 12
703 741
99 436
707 683
339 367
930 67
76 279
116 123
134 516
564 983
803 129
836 297
166 698
326 284
384 173
442 533
186 674
85 869
529 186
359 107
696 160
589 842
127 554
424 622
519 509
427 926
907 607
658 625
226 100
882 399
129 755
573 845
647 529
745 914
173 116
623 374
866 254
739 288
80 867
726 432
903 807
146 732
645 129
494 553
903 616
8 218
27 214
616 393
983 773
394 811
288 751
524 306
383 366
738 363
632 143
902 643
246 644
906 309
784 15
337 77
474 422
148 494
295 148
351 459
559 791
748 589
642 160
347 688
237 732
728 797
196 33
604 787
40 931
43 414
465 448
812 224
339 36
220 923
6 620
387 762
286 396
235 977
485 192
57 383
883 836
520 512
151 904
245 830
714 836
317 722
185 616
97 734
584 503
34 351
733 223
865 721
249 372
801 106
214 1
472 21
385 280
771 134
477 817
7 588
600 326
925 564
214 794
381 342
55 661
899 348
866 665
214 348
482 686
856 757
871 599
732 645
640 758
841 512
697 267
71 832
38 61
848 873
550 910
853 136
301 827
13 444
959 65
249 381
513 236
570 503
952 806
312 475
242 804
518 533
26 511
282 680
708 982
486 717
307 672
142 265
976 413
755 405
133 255
906 100
559 802
377 735
786 718
977 185
596 179
120 748
376 779
106 412
752 839
527 181
388 712
835 523
915 96
199 325
510 926
777 243
652 534
374 579
123 666
803 310
314 291
351 47
787 80
691 642
875 244
159 916
401 176
667 599
134 137
230 157
165 184
103 914
542 421
157 366
214 956
968 84
749 426
400 972
826 111
330 758
166 743
710 893
885 512
409 50
105 214
729 633
934 258
294 45
648 444
389 706
600 458
981 280
731 833
973 46
704 440
171 124
636 789
326 365
74 282
551 726
170 834
906 831
263 238
378 116
700 892
929 519
461 49
559 285
893 46
152 637
357 128
318 277
974 348
543 915
784 803
912 360
215 546
192 434
879 92
756 293
204 356
757 261
21 945
211 170
928 424
484 513
31 458
678 466
912 725
265 540
124 757
33 229
694 137
587 65
43 572
76 939
241 687
905 57
483 5
180 486
798 844
322 157
749 226
197 165
127 804
938 51
811 451
922 777
31 983
34 975
240 850
193 588
212 216
512 46
490 973
111 897
75 392
319 176
480 709
264 807
227 957
928 873
893 516
130 669
388 136
727 200
909 880
606 691
625 280
933 47
437 10
22 733
591 425
912 358
508 799
756 852
544 519
893 389
250 414
381 921
282 405
673 86
514 857
75 284
595 962
483 636
7 671
840 486
324 801
849 616
922 212
345 825
699 42
93 887
259 371
80 793
391 912
45 244
163 170
535 239
550 839
165 656
386 223
353 493
52 713
760 778
887 836
729 235
380 574
640 271
588 205
22 325
374 178
93 132
730 849
473 296
175 177
795 50
437 632
168 228
591 556
422 228
81 776
567 104
952 314
897 4
956 847
885 943
765 773
803 430
92 498
104 853
869 765
398 58
830 25
703 277
756 799
449 884
143 263
