1000 9880
232 57
431 635
499 529
659 476
169 552
960 813
484 919
506 683
750 398
328 635
38 826
846 925
12 909
654 913
664 356
773 206
568 128
114 5
91 573
494 426
481 601
830 343
375 381
302 81
221 535
153 751
423 555
92 381
166 410
923 61
905 538
778 872
429 972
526 458
641 876
142 467
326 92
917 983
956 931
144 211
93 144
331 519
885 116
402 926
46 30
49 330
127 736
849 689
519 549
110 868
780 414
123 790
788 954
130 188
538 33
542 745
949 745
392 794
798 390
824 893
567 223
471 234
988 48
510 340
918 815
262 195
488 353
836 236
719 177
275 692
37 829
243 506
759 996
268 245
980 707
289 976
522 302
600 854
485 252
893 239
641 148
439 84
574 538
133 848
708 196
844 26
238 15
366 448
848 463
388 802
838 814
323 271
809 564
573 401
665 568
704 978
299 278
191 268
711 453
843 853
226 689
503 159
157 638
818 540
726 125
484 632
910 116
14 41
312 713
985 166
604 675
649 863
944 857
2 403
888 518
425 776
931 562
434 966
403 652
442 461
667 28
351 543
120 735
585 955
1 602
12 281
5 814
283 644
68 406
88 492
162 591
568 566
239 591
940 738
297 608
816 464
541 797
492 405
408 241
701 727
408 354
372 83
641 308
625 869
681 539
907 201
102 991
569 986
662 349
276 392
573 654
958 740
813 159
944 82
194 529
33 661
784 427
276 127
815 970
962 618
832 409
432 789
578 181
850 823
155 791
324 658
994 810
812 170
121 898
432 627
108 988
34 795
91 214
405 627
241 197
375 150
468 564
531 846
471 675
330 565
366 335
646 141
635 770
394 31
289 312
806 327
882 985
699 757
931 332
645 92
298 329
726 85
787 775
97 593
243 975
305 556
583 913
730 455
549 769
142 361
92 940
630 340
61 103
814 415
815 66
197 359
969 662
808 276
424 29
822 789
288 442
821 718
491 231
260 562
779 994
562 494
211 164
66 737
196 688
358 415
183 858
865 167
187 415
738 286
262 478
227 799
391 254
545 611
729 577
107 309
326 977
702 984
404 891
331 813
206 139
561 392
747 357
788 737
662 142
367 380
684 338
680 790
965 311
414 455
431 583
478 974
923 847
896 900
289 815
94 970
810 409
646 813
245 882
252 146
551 992
110 304
955 463
793 280
613 167
835 117
267 961
94 740
494 194
37 303
777 780
464 497
910 752
248 221
540 629
959 109
856 898
433 983
124 186
623 208
591 450
511 618
995 345
762 564
119 113
623 321
237 6
791 533
901 181
27 328
230 849
543 896
378 172
986 815
804 388
316 874
673 231
857 58
964 890
731 529
381 920
296 262
95 158
761 470
445 443
981 217
783 343
696 359
311 598
402 398
351 945
875 315
303 946
107 213
625 272
643 177
24 831
645 483
36 942
218 777
159 687
719 363
350 266
763 639
856 139
600 144
715 577
27 579
747 176
987 577
272 362
625 860
936 769
361 374
992 795
409 903
65 842
609 771
116 365
513 265
224 898
393 667
471 182
92 137
646 894
314 255
312 56
82 371
29 664
30 211
158 918
347 125
257 277
833 822
634 823
802 11
570 31
220 660
993 668
907 332
793 996
631 491
206 722
726 261
682 855
475 767
292 854
872 121
321 277
697 114
934 321
629 203
241 30
190 977
857 372
406 604
821 209
187 829
167 451
939 362
463 600
598 83
853 224
855 950
829 343
605 688
397 459
858 751
290 893
717 514
498 760
27 114
178 250
269 17
182 786
174 525
866 79
948 953
867 250
207 325
946 247
529 421
912 299
930 956
386 926
408 762
923 173
139 634
966 13
54 587
850 490
746 683
139 459
267 286
947 336
841 245
166 652
550 735
960 197
301 51
504 65
310 259
516 618
934 713
528 8
379 812
72 148
344 551
6 923
615 157
124 600
668 145
508 366
789 49
689 453
945 851
177 681
107 936
290 392
937 963
668 853
171 407
372 572
360 476
124 429
640 190
968 795
755 245
367 251
224 635
561 924
447 179
514 706
180 286
493 177
973 231
591 520
80 90
354 537
834 879
44 920
750 427
4 851
700 761
321 241
287 755
630 572
242 341
354 379
942 872
506 430
364 832
492 141
591 991
501 361
598 73
863 186
507 968
680 582
401 91
934 79
596 602
78 945
387 31
86 396
217 211
321 829
285 666
549 972
736 732
240 826
222 894
919 907
870 570
28 467
247 729
567 638
771 109
23 232
689 980
83 69
916 354
328 847
842 186
917 716
420 276
150 213
979 127
652 175
158 672
567 796
325 401
897 816
186 373
828 360
997 623
282 324
489 152
220 24
441 477
412 524
741 618
334 16
962 841
484 389
466 888
875 732
417 324
880 694
685 83
888 161
341 749
305 399
255 124
381 252
388 594
120 684
483 596
267 855
310 811
987 77
668 697
262 974
983 112
821 341
417 23
497 193
119 334
752 775
60 792
575 171
968 533
419 991
58 808
503 354
636 710
535 527
402 137
187 869
241 217
85 14
529 208
717 633
421 12
478 55
208 599
540 446
812 298
308 658
277 717
762 981
196 915
678 255
311 482
259 95
705 179
501 16
206 484
486 844
481 76
871 379
343 638
732 515
862 394
131 775
11 716
672 514
748 277
822 564
978 270
90 766
163 102
719 37
126 134
718 359
439 770
9 60
12 464
533 146
970 604
774 356
889 612
450 488
695 226
418 138
664 846
958 528
405 880
299 149
285 474
252 147
90 818
91 23
186 257
423 108
595 935
565 771
967 627
90 165
931 425
695 384
328 754
882 137
920 918
7 377
827 162
265 231
768 218
21 546
225 975
375 117
473 501
94 519
494 285
284 43
178 610
471 567
735 282
21 772
759 384
619 757
85 177
676 251
803 814
459 996
317 30
952 867
825 475
829 419
264 357
308 630
2 425
259 42
464 860
662 764
844 759
266 709
174 970
325 166
309 801
899 107
935 599
853 752
912 238
969 403
681 295
870 861
766 258
514 193
993 102
921 193
940 683
945 251
859 738
608 795
853 125
2 924
59 85
962 798
29 629
225 941
901 929
189 911
105 840
617 876
817 146
909 578
559 530
763 197
271 244
758 755
997 921
428 132
225 470
154 660
730 695
841 630
475 976
647 496
924 539
777 734
638 871
234 617
660 13
751 91
560 425
819 804
747 797
937 529
419 774
704 968
981 696
543 577
730 120
754 66
316 553
8 458
726 228
433 835
320 238
619 514
613 670
905 173
446 271
599 479
364 66
783 148
431 800
398 178
517 88
84 275
372 402
827 276
861 549
165 126
848 944
703 498
636 951
958 622
611 147
65 985
610 195
706 677
729 252
718 880
758 113
616 586
430 76
253 631
477 79
500 237
173 342
619 170
486 999
219 568
753 544
628 660
274 987
442 265
758 787
26 72
83 25
130 186
645 777
832 768
266 938
585 72
659 977
220 53
183 163
573 503
757 330
508 504
314 33
760 81
888 134
944 424
854 943
713 381
141 764
219 228
370 328
632 139
797 709
546 327
632 336
487 975
751 130
510 564
572 535
591 501
727 245
258 184
989 698
574 536
833 642
635 538
301 689
977 78
933 743
570 163
882 209
534 974
99 713
869 469
356 975
985 744
15 463
493 65
171 197
468 641
267 758
307 773
238 879
220 782
575 404
29 336
726 115
288 197
365 297
536 555
956 652
633 617
578 186
587 942
257 699
644 49
347 851
608 553
317 183
155 4
601 116
529 503
592 401
667 97
858 129
981 257
52 555
414 995
212 956
308 440
518 824
79 786
62 708
980 79
206 502
912 167
952 744
516 297
205 920
776 438
923 313
266 620
287 180
839 907
645 732
704 136
687 305
358 73
35 182
633 135
906 559
135 147
452 21
148 366
421 798
318 954
84 568
438 499
225 486
85 774
105 88
579 352
742 156
101 236
315 74
586 632
812 490
669 367
210 404
727 153
86 771
363 906
345 395
370 78
584 488
877 669
414 933
128 350
650 255
890 728
901 959
158 430
843 738
199 809
493 142
282 702
624 531
366 316
354 284
247 203
229 588
580 431
74 655
97 742
373 657
736 923
403 103
946 820
529 322
17 118
753 940
936 348
865 618
370 627
648 464
601 80
568 263
933 49
516 239
365 559
979 335
338 445
943 232
340 403
442 923
439 345
27 859
412 919
179 900
509 405
880 791
789 159
794 235
871 459
323 561
875 12
235 365
438 770
751 411
926 631
139 355
200 920
395 160
243 823
241 742
81 912
172 489
296 343
573 575
611 756
302 575
281 359
957 158
447 310
214 519
286 240
163 839
590 930
615 309
272 701
59 647
171 321
669 450
392 562
696 608
349 978
794 577
34 970
520 417
739 531
778 477
191 96
518 11
186 608
78 562
48 577
821 74
933 512
790 907
347 479
9 122
372 954
545 24
269 440
660 831
938 57
812 530
265 337
679 322
1000 641
910 50
734 342
865 517
444 528
668 96
672 99
912 434
252 933
990 911
222 21
692 550
44 813
814 441
144 859
517 721
495 676
4 511
334 610
51 281
179 883
53 854
516 338
956 9
60 54
204 550
426 922
813 976
415 436
329 51
54 727
305 10
892 970
736 338
42 732
535 180
205 561
675 465
287 31
280 390
828 273
31 26
56 718
951 85
129 6
516 662
43 440
101 322
600 607
691 115
971 932
183 380
133 583
488 168
361 190
876 779
733 910
256 62
722 161
279 958
939 310
785 989
8 542
48 271
566 193
774 926
57 55
150 824
600 923
342 16
968 991
678 670
864 528
332 94
510 710
732 599
234 776
952 435
184 29
220 811
616 96
318 232
826 711
276 740
743 802
174 555
48 843
774 852
678 971
611 436
621 19
53 615
900 480
672 399
507 524
37 51
317 771
635 264
835 858
54 435
294 573
649 514
64 110
818 955
657 511
823 398
206 436
50 224
951 362
221 73
439 54
866 798
192 369
619 58
752 727
658 626
269 667
404 846
83 137
400 669
64 554
270 802
254 205
182 126
828 676
759 880
811 78
708 402
379 524
987 333
163 799
96 362
6 187
353 637
618 419
909 758
556 109
215 960
254 574
989 697
302 956
546 38
219 306
345 208
339 119
855 129
604 903
273 731
222 761
264 994
262 669
302 670
48 521
88 742
985 280
893 447
398 109
34 583
592 229
611 323
424 375
148 424
88 772
839 435
911 941
184 279
916 968
39 683
203 561
687 783
156 965
50 320
394 990
640 538
550 61
593 606
633 729
762 959
198 842
625 333
753 784
199 763
169 487
98 455
870 681
869 842
139 523
89 696
766 223
990 214
793 570
4 439
711 277
886 391
31 718
326 206
827 983
295 789
117 251
466 453
326 857
857 251
899 307
755 839
775 668
214 798
231 980
487 302
41 419
257 151
222 553
896 458
806 12
456 81
935 939
944 454
589 145
343 476
291 353
936 618
171 727
774 245
704 100
428 190
106 288
894 473
72 400
719 790
375 988
662 367
396 947
627 111
868 835
525 970
842 573
971 586
479 819
191 79
618 697
147 715
15 445
346 996
252 618
241 250
630 892
939 121
78 471
69 964
74 938
592 931
378 106
649 444
651 538
583 735
658 104
787 42
846 587
501 474
506 448
256 721
777 465
669 835
504 737
51 148
951 889
798 165
649 239
945 855
378 105
344 57
752 150
899 851
503 603
369 602
761 424
905 454
378 984
126 602
389 688
992 596
95 325
298 686
843 271
93 164
94 902
443 925
853 730
126 308
258 10
477 182
960 144
724 105
407 687
586 118
589 789
92 275
438 771
738 285
822 863
430 871
185 544
422 791
573 461
577 522
854 778
926 647
965 647
92 49
590 816
916 122
370 431
210 196
716 894
978 193
392 676
358 295
489 404
842 656
793 364
561 248
615 389
453 642
458 828
186 271
404 442
299 36
182 628
696 720
471 354
519 208
958 880
869 411
797 430
18 471
807 85
313 241
703 4
501 668
617 323
946 827
433 980
252 482
761 133
539 648
61 708
688 163
468 698
687 245
973 200
787 70
208 791
136 116
122 837
87 513
74 672
521 103
8 14
230 807
431 20
53 514
916 896
496 97
260 876
448 791
450 622
988 558
316 75
118 91
529 446
896 763
17 226
792 940
541 527
276 968
58 609
865 343
761 166
597 776
586 27
325 53
1 391
59 137
666 403
704 66
334 317
595 305
344 593
970 781
990 456
480 17
832 806
267 689
235 473
914 820
215 360
76 690
594 179
12 502
965 296
438 440
947 681
884 271
501 941
228 811
997 409
163 576
459 172
991 697
269 707
955 492
194 886
459 326
78 412
561 966
543 690
530 527
518 352
688 463
377 578
583 134
124 217
143 81
361 354
665 530
86 133
108 717
471 981
222 325
60 544
976 541
835 430
123 384
969 992
641 664
888 784
230 963
377 269
178 870
605 653
973 443
424 442
260 832
640 942
843 233
38 341
331 477
919 180
559 157
568 866
287 446
373 27
391 396
999 891
526 377
250 342
644 780
421 693
335 83
12 86
875 70
579 995
168 606
480 78
202 695
974 809
19 309
996 801
172 291
728 723
486 199
702 919
278 723
228 538
245 612
556 985
824 769
721 655
430 578
290 20
545 82
138 455
280 98
686 430
85 721
394 214
124 313
876 872
590 10
543 368
513 177
566 51
641 232
589 242
220 635
919 961
591 612
744 357
17 947
18 396
437 502
730 492
500 642
307 85
4 862
665 572
207 881
897 874
797 7
668 987
359 922
509 913
622 100
109 111
455 135
937 412
60 597
318 133
526 878
284 109
437 569
222 289
573 429
606 316
544 305
29 479
147 441
826 843
394 991
363 266
257 697
696 382
900 453
563 133
122 95
305 661
801 520
207 403
446 922
549 75
87 924
571 527
502 413
766 638
549 220
272 120
6 97
718 765
863 926
995 524
802 680
203 309
783 735
914 602
442 615
115 985
370 200
706 984
746 797
304 312
452 896
382 65
789 271
686 121
103 281
840 297
949 713
665 293
901 854
775 293
638 225
710 324
236 781
510 372
512 475
775 978
478 982
923 871
955 310
647 20
245 922
907 427
410 705
358 651
769 398
901 665
189 663
102 652
294 449
896 55
534 633
816 894
526 697
727 8
584 490
521 287
320 712
742 591
798 973
910 651
329 878
846 985
647 728
796 310
601 922
637 247
783 40
678 822
543 936
696 663
754 283
958 401
924 1
285 601
772 93
169 32
927 562
652 699
984 219
459 731
154 263
969 666
36 807
849 956
178 434
933 384
928 506
316 661
925 828
680 48
179 902
1 442
438 913
93 5
45 839
819 342
115 949
188 831
858 855
920 430
538 101
873 370
980 434
417 500
251 556
291 399
864 91
70 282
920 477
577 954
124 643
950 137
784 30
573 686
7 304
903 125
485 94
395 298
659 745
433 443
842 657
422 577
190 509
682 605
495 506
812 456
480 545
7 878
287 526
612 365
663 867
764 160
12 791
217 803
8 322
794 865
834 850
946 824
347 465
114 508
276 595
761 783
373 593
808 692
5 421
200 745
900 232
369 138
541 202
438 137
249 460
476 717
352 963
756 806
9 858
105 801
805 585
364 26
56 283
312 645
23 361
425 938
337 282
13 147
105 946
325 897
598 1
865 628
991 476
832 379
840 854
491 54
334 608
135 529
686 400
268 438
865 342
783 742
602 425
662 989
455 945
991 515
314 822
941 760
376 778
500 93
376 99
49 3
306 434
962 797
796 60
177 423
675 416
234 144
279 730
978 254
349 530
760 935
621 794
177 641
471 35
573 803
189 878
940 234
389 380
509 733
43 233
981 611
581 633
270 384
424 976
760 756
854 322
893 296
750 403
56 251
54 410
60 392
310 560
333 753
523 385
925 493
858 48
52 111
809 620
752 154
423 960
265 525
260 846
990 700
260 35
544 382
946 574
146 182
368 490
51 866
776 65
117 673
190 823
235 858
201 734
888 896
218 727
882 590
313 825
334 973
738 852
575 529
154 494
525 173
999 890
486 779
359 27
362 269
823 392
771 117
640 921
751 171
837 252
509 347
573 274
373 316
892 1000
118 608
11 870
547 312
395 7
664 636
202 519
242 600
277 55
559 577
447 763
12 260
340 905
694 296
196 671
733 206
537 99
107 543
570 477
163 769
111 959
119 576
138 65
266 26
529 656
470 810
536 340
115 425
119 497
928 526
696 538
750 333
897 261
661 228
280 312
543 256
787 306
630 790
646 11
522 13
261 39
781 816
621 553
281 778
767 405
837 773
350 872
276 523
99 424
969 818
8 120
501 752
200 948
296 307
27 165
929 577
35 750
142 150
588 962
424 407
724 258
583 57
108 95
18 883
257 553
826 938
166 443
278 193
471 740
488 672
165 881
459 540
939 790
727 899
931 646
990 359
261 899
157 850
680 62
951 328
40 372
477 193
816 469
581 219
529 816
15 805
374 953
628 282
409 978
836 815
12 345
410 556
56 648
399 600
680 450
318 520
543 49
145 611
732 494
785 489
94 979
405 856
103 591
949 795
200 310
82 710
873 209
565 811
803 762
557 692
648 697
59 602
595 636
670 110
525 857
858 214
217 710
483 135
47 526
99 343
592 933
276 952
706 181
744 96
998 693
468 672
288 6
696 936
74 571
790 861
80 344
467 616
673 405
431 397
592 195
498 602
530 137
77 505
400 494
734 377
40 901
256 834
222 429
647 782
84 342
506 160
52 756
870 140
687 914
853 390
775 22
114 434
534 774
849 947
432 746
745 866
32 967
1 520
936 125
790 264
115 662
757 203
153 885
80 819
84 923
768 714
344 968
606 992
532 899
594 536
496 515
736 964
411 922
245 392
482 618
943 971
514 249
291 80
776 788
774 687
97 385
997 574
279 467
357 991
288 910
571 377
556 499
563 717
804 225
944 484
799 46
654 807
608 81
681 907
902 301
957 846
524 375
253 364
805 663
55 351
511 800
409 633
51 792
676 537
645 232
309 464
974 54
816 908
68 873
533 481
223 399
445 897
742 921
212 892
301 733
251 990
91 777
974 27
356 179
69 934
177 800
844 216
919 750
167 325
384 87
796 283
238 566
341 178
180 575
200 750
810 107
294 72
800 973
998 800
89 58
843 993
535 559
517 96
540 903
672 247
265 679
123 343
804 540
120 359
532 611
200 972
554 231
62 470
355 296
230 948
783 338
808 358
2 421
460 835
973 832
705 226
33 365
415 720
166 451
60 66
813 636
746 192
715 358
648 301
903 527
64 436
905 706
800 504
199 542
918 72
25 271
960 254
745 632
571 701
563 779
417 693
182 375
939 654
149 886
477 265
707 692
27 582
547 287
288 938
823 250
845 542
580 776
542 518
534 374
140 814
698 768
861 468
185 947
885 478
542 913
284 929
397 832
763 958
432 244
660 324
868 551
292 121
24 183
229 491
285 265
12 583
552 596
186 446
123 518
307 549
341 530
966 787
219 442
258 882
708 225
816 936
953 1
540 551
601 567
600 926
481 327
467 900
369 75
424 389
532 178
939 208
156 222
639 777
415 819
592 252
11 565
514 859
696 42
626 279
576 512
725 417
330 903
588 991
345 267
561 65
558 515
869 962
86 468
507 513
389 755
981 361
984 3
567 736
749 765
370 888
97 894
62 556
139 625
729 369
54 588
467 298
314 745
339 22
603 805
602 912
684 610
176 841
802 757
200 588
818 363
582 208
752 762
392 153
442 119
581 24
49 191
233 170
750 897
197 783
378 596
413 807
287 786
796 578
755 986
612 625
280 100
334 219
29 887
690 531
378 425
586 576
310 832
457 652
360 882
24 105
501 911
120 466
85 576
129 750
911 510
842 825
7 945
376 683
74 802
820 811
837 883
750 428
380 394
322 167
416 32
949 506
570 897
475 591
635 237
467 591
450 771
147 801
702 109
522 767
908 660
485 779
948 181
386 682
728 343
819 128
30 825
382 568
643 494
429 701
519 724
866 253
949 375
118 22
869 998
50 462
105 905
14 333
696 292
826 939
791 943
60 155
634 240
13 43
288 534
848 886
991 676
514 27
227 523
102 405
568 589
654 447
465 128
145 669
173 297
624 318
447 276
706 982
563 835
750 835
349 262
900 938
405 20
820 452
301 163
180 945
258 758
832 671
752 594
853 775
175 879
534 418
955 219
784 381
318 521
708 497
765 224
751 317
932 761
510 453
941 373
120 383
565 697
858 437
972 653
665 339
958 968
451 888
82 711
101 121
731 222
769 317
399 238
275 436
167 66
3 997
122 731
674 114
226 66
712 970
578 726
116 649
363 684
130 839
133 80
255 635
881 440
838 709
8 182
61 814
373 748
565 238
144 710
556 551
117 759
618 888
32 139
655 413
891 833
965 586
568 412
438 730
293 205
87 973
738 71
169 448
451 746
465 161
478 485
724 5
943 869
776 187
427 866
754 812
6 683
586 309
504 15
314 906
579 551
150 138
290 460
867 257
15 824
822 696
1 346
185 549
42 870
940 851
279 579
499 50
849 59
475 45
457 618
759 821
284 973
780 970
875 588
897 162
976 933
64 819
375 957
696 820
932 981
471 398
927 939
531 658
489 699
141 994
55 636
60 842
276 895
684 140
410 965
911 167
769 650
57 136
707 450
602 180
233 591
920 822
19 68
55 770
593 479
901 46
772 368
526 949
584 742
988 615
809 647
539 570
434 176
238 922
447 247
358 301
38 477
210 840
670 662
906 190
459 278
292 344
226 196
545 600
770 959
808 246
766 549
72 561
254 281
400 120
663 25
810 575
795 385
154 59
71 568
783 43
629 100
26 113
135 817
317 590
376 502
927 277
196 289
856 903
296 727
558 19
145 657
396 306
185 668
383 674
723 449
448 673
841 910
842 465
668 937
405 189
153 396
932 78
672 585
399 403
37 770
845 208
834 611
300 331
342 330
683 266
205 194
150 845
7 844
659 485
109 358
56 782
592 832
522 23
85 397
727 50
649 360
332 858
488 360
164 867
863 291
111 462
742 740
800 891
943 629
902 950
630 581
985 34
326 282
38 110
739 207
29 318
227 419
412 279
105 771
490 531
74 338
666 574
667 491
320 254
489 135
696 265
734 449
38 328
442 577
691 14
793 546
956 954
689 593
746 514
486 777
92 688
365 644
705 495
942 492
808 584
837 419
990 280
373 314
312 791
582 70
110 711
384 391
495 779
328 393
253 197
344 572
20 666
867 781
120 134
8 881
465 462
432 145
175 827
396 564
111 953
168 683
584 19
215 111
220 711
405 947
324 677
315 380
441 903
221 702
946 924
855 44
103 779
270 354
181 77
129 546
422 361
886 642
8 653
531 827
790 964
590 346
132 278
853 516
359 919
327 437
147 947
71 193
212 651
657 514
531 25
109 253
147 423
812 776
27 64
951 785
591 288
691 764
866 267
44 979
632 921
27 167
357 95
679 407
293 40
705 56
45 567
562 739
874 657
503 555
730 413
913 75
815 70
536 718
926 107
140 220
141 117
775 180
23 113
980 84
709 370
92 660
594 562
770 965
782 625
165 593
352 440
560 637
724 192
67 607
196 377
417 636
665 343
923 602
762 494
525 258
818 268
196 392
929 295
963 422
818 415
267 111
175 878
200 90
309 728
405 245
44 91
872 620
690 677
620 678
368 827
801 635
186 388
764 953
391 855
3 438
785 776
110 287
864 783
591 466
665 338
647 422
328 691
980 861
850 705
689 585
194 189
637 135
999 876
603 136
640 446
381 570
686 172
78 586
946 738
381 683
481 553
961 487
544 329
95 456
873 531
801 350
714 745
957 317
938 977
243 807
390 614
714 632
648 616
647 776
616 346
355 270
467 49
19 487
544 134
982 744
416 521
345 359
166 421
297 282
998 570
84 54
633 959
878 801
184 644
187 295
637 803
590 367
456 260
168 152
477 178
461 525
634 503
407 683
709 487
947 398
590 538
735 535
991 953
940 844
335 810
211 376
585 11
235 398
453 475
206 61
696 830
332 627
225 517
764 622
980 659
786 900
362 662
733 933
202 831
766 299
944 196
11 287
507 364
751 193
509 822
811 884
722 329
688 249
837 552
949 238
641 213
256 373
313 132
189 553
251 976
930 454
682 890
872 4
178 653
506 270
492 301
792 325
612 78
282 671
959 251
380 410
678 849
751 645
437 717
518 302
5 393
557 716
835 438
229 619
359 556
199 71
75 125
810 248
744 892
178 894
913 241
454 147
91 759
178 209
183 608
810 282
829 46
7 393
227 356
265 903
321 616
984 472
328 412
127 20
330 246
226 295
279 275
672 693
321 537
823 470
914 526
364 473
760 494
297 528
338 188
266 545
250 528
767 213
607 572
679 995
7 378
762 439
234 12
16 215
895 369
594 796
79 356
396 642
953 587
918 795
423 347
798 317
12 498
585 432
96 247
419 496
868 545
392 580
393 749
195 153
837 746
676 680
181 342
668 63
885 766
211 995
530 873
785 976
38 592
20 59
539 989
333 396
146 958
134 199
46 787
329 969
932 784
741 96
713 647
74 927
720 165
406 822
812 717
781 666
554 276
55 865
683 184
276 626
372 438
963 728
930 499
654 377
627 615
900 207
815 444
212 743
378 203
496 50
815 301
691 371
672 568
678 95
312 676
791 788
832 299
184 606
820 273
619 898
925 991
517 372
566 979
606 156
30 180
545 724
895 166
988 452
700 432
573 190
653 70
654 417
178 422
698 593
537 725
667 854
641 695
624 329
810 818
762 89
215 411
969 147
845 512
276 269
487 820
940 788
634 513
466 143
656 483
776 380
936 627
723 333
10 288
252 232
529 516
567 68
146 928
953 464
57 267
76 545
851 497
896 176
684 55
685 778
449 738
638 826
288 566
254 547
848 296
454 652
716 759
366 456
902 164
815 805
358 860
205 803
448 295
762 516
686 878
1000 401
468 655
584 720
888 667
593 294
906 397
726 26
104 373
303 319
450 769
640 753
809 734
5 449
717 608
468 877
881 252
644 168
498 644
212 362
529 344
616 751
74 375
826 966
192 918
9 736
598 290
930 56
58 963
844 678
630 243
98 448
809 261
749 735
491 243
886 408
157 958
196 580
589 923
341 799
663 64
611 915
293 753
374 735
358 240
784 999
359 137
399 790
236 724
954 475
953 815
465 766
999 121
698 996
438 190
867 731
279 569
735 565
289 569
326 636
76 871
261 563
135 30
708 364
139 91
860 39
953 387
664 667
457 588
784 419
306 859
91 403
6 152
712 69
715 626
432 458
399 379
25 946
172 839
266 396
171 224
103 729
894 700
91 177
647 310
780 661
280 713
74 836
471 714
717 46
704 903
992 242
194 45
964 473
731 510
915 247
455 214
974 774
761 887
208 913
965 776
103 193
331 93
955 871
868 140
942 911
100 790
89 35
22 697
891 94
541 147
389 902
49 893
307 5
491 288
274 454
494 725
813 883
460 541
725 103
568 414
753 934
264 479
356 685
643 349
973 810
209 965
446 954
412 638
913 967
572 220
684 774
539 13
45 828
429 297
948 719
608 552
112 359
511 353
282 385
563 816
802 712
378 566
272 247
677 445
862 284
224 144
296 765
561 311
49 27
603 924
36 231
756 182
168 439
847 25
799 154
179 729
677 919
101 296
907 237
915 742
533 155
722 36
704 551
723 261
764 623
121 731
712 789
422 581
6 132
154 699
650 698
988 790
868 876
318 261
803 501
108 937
72 367
955 251
517 937
220 575
919 773
820 894
960 313
825 507
583 930
259 966
501 615
981 685
16 966
167 191
186 989
479 48
407 439
997 435
737 534
296 464
669 945
123 507
584 631
14 126
246 127
381 831
826 668
421 88
313 583
441 634
999 543
911 869
471 786
57 586
597 64
528 969
710 481
303 981
587 118
517 271
813 1000
71 935
209 912
54 840
114 783
558 964
260 911
670 950
558 961
171 825
117 13
444 339
129 175
781 108
202 269
371 398
209 97
16 185
415 67
283 768
797 807
230 70
859 530
76 856
115 770
998 123
836 866
193 992
860 120
849 489
408 209
873 483
466 827
874 76
978 580
622 149
457 516
760 939
816 77
655 716
863 873
555 424
774 202
703 752
546 173
214 263
397 861
215 58
860 269
464 70
561 872
925 199
431 514
719 384
308 255
842 915
475 838
42 303
212 915
985 661
454 560
890 538
727 148
674 811
124 214
566 485
475 612
421 744
441 692
646 709
892 211
584 516
324 775
990 672
477 531
117 572
43 681
246 336
873 746
931 688
568 120
882 872
386 709
28 178
361 891
378 59
536 581
293 249
374 423
503 577
144 814
894 553
352 705
739 431
317 797
825 38
953 89
58 927
101 859
870 903
610 394
106 995
657 497
586 425
862 442
149 693
758 251
728 924
257 796
311 193
573 302
794 45
443 73
870 880
357 899
235 299
788 579
900 945
6 512
318 822
215 410
268 778
126 83
686 209
780 174
620 557
785 512
346 470
873 479
358 273
729 931
741 336
707 832
656 861
854 529
712 42
312 440
789 938
745 38
319 31
214 291
180 375
241 327
884 415
64 345
142 687
417 762
935 86
294 346
150 990
677 747
199 347
627 292
242 250
119 128
983 315
878 471
96 795
522 875
155 334
907 991
324 891
369 854
981 71
393 422
554 43
758 283
631 11
977 672
563 283
981 40
804 599
201 766
58 849
958 36
95 222
867 177
889 329
818 887
925 561
359 341
514 604
37 209
5 627
743 435
123 638
417 935
89 642
786 360
166 526
51 328
227 524
446 878
982 940
269 783
589 922
504 698
280 536
547 506
31 789
842 162
638 203
112 459
297 623
282 477
214 784
784 119
894 150
508 565
664 557
628 358
511 418
849 509
670 550
512 609
229 734
489 128
785 595
126 79
664 604
537 466
59 914
496 840
281 140
664 971
738 708
820 278
667 704
444 863
764 580
987 175
256 77
99 155
430 159
221 606
134 98
745 113
677 600
216 833
379 415
641 94
860 326
474 441
882 266
497 872
205 55
794 628
63 169
138 240
637 20
622 440
34 929
287 529
128 422
684 171
240 14
595 512
466 692
837 963
472 521
513 821
109 300
846 947
351 371
246 591
679 113
882 127
960 925
749 237
548 872
878 499
809 680
976 407
618 980
496 236
446 718
798 611
322 424
450 661
751 577
661 809
207 487
415 554
507 605
336 273
296 162
297 143
814 420
670 712
196 923
912 476
142 481
979 585
164 377
791 866
844 715
619 845
89 670
92 715
157 897
303 647
624 180
932 245
97 20
371 437
295 148
448 954
586 112
509 287
36 145
438 773
760 323
176 788
214 828
345 584
719 45
741 549
539 135
138 336
232 523
432 125
382 497
475 177
194 731
927 225
345 861
253 124
970 580
699 142
999 817
79 416
413 236
493 446
662 481
383 49
78 232
299 141
110 313
11 517
310 783
60 982
911 307
555 365
8 760
254 715
664 483
313 251
170 148
643 598
583 552
531 885
678 708
664 274
920 700
962 11
90 382
53 362
644 323
259 743
155 310
300 480
30 602
80 788
169 246
445 65
598 137
601 155
639 631
161 522
218 589
535 664
781 788
393 83
127 304
554 882
607 333
675 922
841 486
235 915
974 650
230 650
167 417
892 739
232 826
619 198
691 213
141 268
476 189
349 425
371 401
173 251
376 505
602 811
676 900
988 256
148 463
899 369
849 718
22 480
315 86
45 961
894 174
236 940
349 331
595 15
231 875
552 314
686 2
280 925
181 910
798 291
949 957
328 937
718 250
918 904
243 22
979 650
764 908
466 971
509 871
756 472
794 573
720 377
479 992
242 309
427 77
229 201
831 885
194 227
559 314
910 725
252 429
698 307
557 524
322 95
507 217
712 707
91 902
592 97
977 921
670 324
393 312
912 856
841 33
721 412
207 697
453 299
303 138
142 12
950 871
539 392
98 216
874 809
247 825
218 545
312 678
645 300
316 246
585 683
188 962
142 302
109 969
520 218
114 929
745 941
239 293
528 581
675 950
862 40
212 732
745 830
28 448
417 779
813 22
224 379
900 668
106 65
889 127
118 859
512 888
201 29
629 840
907 542
278 907
540 949
770 83
510 96
681 660
685 324
105 879
427 604
822 359
383 579
741 637
72 733
102 41
784 298
150 500
551 748
358 342
827 396
499 239
120 248
985 820
470 956
900 48
368 786
755 990
722 237
462 272
10 177
512 339
31 261
368 865
755 79
936 659
703 791
337 922
416 471
437 79
601 742
140 509
808 968
147 214
593 122
96 574
651 870
214 2
860 560
593 395
425 297
670 675
981 868
873 939
929 905
431 771
695 742
242 330
613 809
506 182
63 328
640 755
215 541
753 94
277 990
114 656
881 916
484 610
801 288
655 389
549 642
218 402
645 255
369 806
9 661
283 82
355 352
737 531
17 756
922 862
933 5
259 106
9 447
191 859
404 676
386 123
278 181
302 63
876 224
128 686
94 108
93 202
150 115
157 813
415 673
680 26
111 538
704 128
353 982
444 395
414 311
16 130
779 419
390 332
803 165
333 242
606 698
617 643
667 88
2 719
974 41
81 846
929 504
747 401
294 429
882 440
920 76
477 219
959 268
546 355
776 262
362 704
555 499
21 307
24 73
171 490
397 868
876 985
254 605
68 641
9 245
483 138
531 107
803 991
700 865
856 607
587 657
18 140
882 975
95 910
705 846
482 449
467 623
123 465
655 104
714 27
939 429
528 848
781 386
69 624
161 621
40 906
94 221
498 678
302 270
910 201
257 671
899 856
717 705
98 115
154 257
729 411
59 388
496 346
978 594
597 908
980 4
14 732
383 455
311 362
925 81
294 636
867 394
260 548
227 555
657 440
625 588
934 556
701 815
830 749
120 884
340 377
534 241
222 637
376 77
315 246
103 170
452 327
414 275
20 750
883 446
3 504
44 276
318 975
210 44
842 441
422 921
120 193
448 712
286 248
949 600
306 746
880 715
21 117
262 500
723 263
962 725
711 946
983 201
567 398
474 491
737 423
854 606
410 815
696 616
807 364
741 504
501 835
216 717
510 711
574 728
472 998
414 905
782 350
492 409
823 631
117 772
523 411
501 490
267 729
307 980
795 571
32 461
895 762
881 417
473 109
644 332
772 281
679 242
647 587
910 395
678 935
390 460
498 635
905 265
230 990
229 761
530 230
877 189
454 150
958 63
882 725
830 845
175 24
612 874
861 585
165 978
352 551
414 744
74 28
311 852
661 681
726 524
250 317
588 741
148 746
538 318
757 170
351 601
429 255
770 221
754 844
6 651
983 681
714 430
456 434
681 703
426 790
724 251
528 38
802 605
452 966
272 356
862 649
646 586
150 261
493 775
965 128
345 783
650 744
101 330
879 319
517 179
899 985
561 140
466 968
689 288
671 336
566 46
552 1000
638 45
792 23
521 639
918 747
264 656
617 808
138 137
927 907
589 88
493 195
688 375
536 139
490 827
925 487
431 354
78 641
355 28
281 929
798 670
164 766
437 558
609 348
796 491
544 372
564 127
841 105
950 868
147 889
666 907
829 365
208 633
264 187
929 703
515 674
700 766
577 109
523 835
139 662
670 758
985 192
342 583
938 694
408 853
502 281
213 986
164 178
827 594
274 558
974 743
188 40
935 380
433 151
876 253
155 205
164 1
610 49
477 70
227 611
586 38
608 722
537 730
170 769
373 262
724 717
366 689
317 594
150 182
689 128
961 699
980 385
304 226
486 254
163 592
145 982
37 704
32 917
794 461
214 724
254 245
870 308
279 756
484 378
506 798
384 40
812 104
566 29
216 871
837 715
909 750
43 186
320 965
319 25
397 895
750 343
99 139
733 539
647 463
483 256
898 731
668 589
349 891
856 981
449 257
67 211
899 675
976 30
631 374
455 551
289 831
952 87
772 322
792 384
995 155
817 851
901 243
373 644
263 906
622 841
164 609
471 871
494 572
8 205
48 905
491 892
564 419
166 290
49 560
936 504
757 832
562 366
174 920
965 883
550 279
459 530
995 676
300 534
562 449
784 843
145 263
934 513
357 596
274 489
608 766
921 279
760 297
318 833
840 449
58 258
225 275
542 560
505 515
125 314
224 981
742 427
673 656
253 86
515 600
202 948
967 633
595 183
589 429
883 112
777 547
116 833
584 51
989 612
78 317
763 697
90 836
435 671
487 891
234 662
536 84
574 652
980 356
423 160
81 265
143 395
765 319
837 850
472 954
481 956
835 305
764 121
101 396
859 343
238 784
479 110
96 804
73 384
908 486
584 606
490 949
806 146
808 594
838 690
222 341
17 476
204 902
79 554
170 754
152 793
155 74
302 271
880 467
292 289
523 907
507 716
72 163
375 759
170 532
608 981
545 544
395 953
362 316
624 39
680 290
494 933
575 964
311 154
921 322
512 801
875 7
931 825
89 958
554 720
629 60
617 604
409 7
27 624
653 284
186 80
698 903
793 937
297 730
300 175
626 437
709 5
430 990
768 761
879 693
534 464
875 690
789 14
628 26
665 16
99 844
627 857
965 461
200 201
953 269
702 688
333 19
525 917
855 498
444 693
592 714
538 544
356 91
29 939
965 623
935 395
538 595
977 145
595 542
299 429
727 37
640 495
471 747
937 547
322 121
730 106
358 795
695 696
972 995
62 111
372 899
122 986
564 245
196 745
235 585
365 198
613 864
407 289
49 781
691 746
855 935
895 586
715 208
661 55
956 734
385 983
151 828
355 193
528 957
657 863
592 308
652 598
38 289
867 203
361 130
853 420
247 629
808 251
538 396
687 45
306 248
624 67
643 203
258 119
12 573
738 208
729 392
537 311
107 492
144 114
889 753
224 192
559 340
999 45
233 406
629 16
900 984
480 41
617 568
174 285
712 708
36 262
849 494
65 633
962 647
45 225
157 423
747 459
732 61
559 538
266 97
160 740
638 947
43 244
750 713
953 297
827 320
811 967
177 587
934 900
56 932
391 412
55 558
725 902
360 122
582 709
507 509
570 149
313 164
77 899
467 859
998 533
693 201
270 314
623 136
369 77
260 500
392 132
692 279
747 932
776 455
40 662
20 404
648 853
82 829
484 761
416 905
604 730
53 332
274 107
636 359
403 373
152 947
394 848
729 892
791 675
403 738
853 102
344 74
19 434
832 303
613 614
875 387
412 643
545 689
14 379
358 93
231 372
605 423
809 162
574 482
219 554
429 213
121 122
28 450
1000 787
201 107
514 409
18 552
115 596
706 605
528 357
233 481
69 139
107 456
823 310
258 482
572 118
946 772
741 921
45 914
709 504
344 565
609 255
171 964
690 344
384 267
367 328
691 990
520 743
8 429
842 510
609 473
361 240
954 7
975 687
23 754
12 609
16 612
536 347
882 372
126 240
777 992
461 375
445 594
207 768
512 115
626 881
962 30
898 864
243 387
750 863
263 598
158 440
877 832
218 207
759 316
652 986
797 31
375 55
640 326
699 741
919 556
647 637
902 172
119 50
377 727
252 657
200 812
772 466
131 490
99 62
612 46
100 973
307 45
914 127
199 11
327 214
231 815
316 805
189 17
659 998
696 187
978 989
889 334
504 940
925 526
213 780
253 719
89 278
640 898
36 779
643 357
683 612
72 767
472 313
990 223
349 205
169 383
351 515
608 512
71 384
166 668
649 694
335 63
961 612
724 924
510 51
261 692
109 175
233 366
784 106
936 821
63 534
687 424
909 990
126 114
399 231
96 33
97 344
502 832
229 331
746 39
109 138
158 841
200 954
758 594
152 226
228 949
985 790
509 956
276 3
480 686
264 587
727 290
693 510
345 608
253 439
111 73
459 472
668 49
439 582
703 821
206 887
445 517
531 636
181 59
807 219
721 30
355 744
746 71
85 479
525 850
30 304
983 506
74 832
56 203
839 545
702 326
460 85
644 93
775 398
798 821
251 952
603 143
694 762
422 25
518 562
173 925
640 290
588 168
200 761
498 761
762 663
191 421
623 422
97 947
868 287
943 303
964 778
913 264
587 497
273 105
42 316
28 245
87 858
887 307
155 250
799 701
471 2
701 75
574 299
740 567
581 501
925 899
786 331
71 471
308 955
516 352
853 407
44 609
904 642
619 223
247 694
474 412
383 93
296 850
685 488
286 589
662 952
405 449
832 979
173 37
819 719
16 224
382 101
701 527
689 207
232 526
905 547
784 229
287 946
537 435
738 628
386 385
950 386
429 349
604 109
841 869
241 593
68 781
153 299
281 286
710 513
343 104
328 799
112 950
422 633
996 342
229 65
768 951
219 491
846 240
869 49
565 776
252 21
532 71
270 426
627 451
132 437
314 432
906 156
104 4
581 542
363 753
532 54
399 121
152 698
444 166
711 496
234 794
716 394
143 135
963 739
179 272
810 82
648 777
260 55
43 833
688 570
139 910
13 937
273 964
312 798
242 483
316 894
687 857
426 995
770 786
621 37
832 452
423 651
770 518
421 398
976 110
689 734
302 155
838 441
253 759
804 761
743 500
447 779
14 702
827 953
184 677
558 827
615 830
139 475
748 657
353 927
678 481
607 426
887 938
483 162
610 269
719 157
296 733
614 333
453 297
37 554
775 876
328 93
400 570
269 697
573 601
150 394
903 200
851 363
500 891
84 634
712 931
915 17
892 123
381 200
770 287
681 1000
820 200
885 584
348 918
7 164
233 977
242 865
777 634
46 933
341 539
471 424
663 814
461 338
725 901
764 877
157 121
124 12
877 714
553 812
829 935
242 67
632 455
261 203
399 93
673 116
100 838
76 101
217 944
569 75
510 963
157 659
912 859
859 414
454 982
660 741
388 480
419 720
535 584
900 91
758 307
139 827
710 438
838 763
861 570
143 751
146 193
296 238
95 230
5 650
775 35
415 768
101 459
605 565
680 884
737 613
629 159
131 60
210 543
338 488
302 183
862 47
866 50
978 536
652 345
503 867
427 576
809 306
684 970
117 237
168 341
117 158
591 232
453 380
420 331
573 411
36 573
392 952
390 359
728 732
215 406
16 808
571 166
510 246
183 180
477 407
794 459
214 746
362 969
185 976
188 733
817 171
926 343
488 895
641 453
589 391
493 498
76 606
833 893
115 837
484 203
992 490
620 719
414 154
304 893
149 343
924 707
300 293
926 113
16 756
346 103
128 478
838 766
168 975
996 253
925 167
711 666
966 601
129 548
422 355
540 514
606 362
686 768
298 401
312 9
989 849
973 364
498 844
156 138
289 303
551 19
441 724
851 929
537 836
592 223
721 509
460 359
868 356
674 557
821 938
133 623
754 383
576 611
880 506
206 516
639 520
948 291
970 295
795 140
511 901
352 626
541 428
209 835
783 403
861 911
203 301
297 288
151 69
467 144
472 314
36 923
933 403
58 959
404 679
303 925
459 532
361 518
383 445
573 221
260 722
366 168
177 180
451 533
760 299
135 887
448 961
656 38
345 580
975 511
619 417
577 500
788 66
380 746
237 687
453 626
372 326
581 886
747 402
965 471
569 598
133 645
336 287
372 501
873 72
513 111
825 813
21 304
10 35
214 323
333 438
366 126
95 580
264 682
690 784
143 242
716 272
220 967
77 842
453 124
777 876
456 720
20 478
21 899
498 880
873 900
97 893
471 551
476 883
588 428
376 794
933 883
147 206
260 227
857 41
104 12
486 542
19 493
369 592
190 582
32 864
257 525
365 548
710 152
253 579
112 269
240 850
757 211
698 1000
795 442
706 531
176 554
446 782
35 353
879 864
746 743
760 472
540 494
120 887
339 215
784 56
429 232
314 795
335 233
504 389
512 978
766 381
549 473
718 448
945 365
814 983
638 187
34 285
488 720
736 175
997 792
543 140
585 414
696 831
716 880
533 166
441 374
926 431
31 329
827 294
77 187
38 146
379 38
584 81
177 749
141 906
518 228
186 277
480 570
464 95
411 632
447 110
788 808
368 571
800 648
854 319
74 869
881 371
897 502
144 454
1000 469
522 973
299 316
412 245
414 543
165 411
347 552
691 639
622 37
971 223
294 64
227 63
744 979
877 41
844 438
701 283
260 199
503 459
969 579
364 19
8 135
643 303
853 418
640 843
148 774
807 973
139 589
892 767
254 256
607 260
97 219
525 17
504 195
240 717
519 567
888 297
118 738
124 875
219 601
534 144
936 895
295 676
672 937
175 718
112 614
684 660
298 627
121 408
547 148
487 761
257 70
833 999
608 117
349 326
430 730
42 758
439 536
279 947
584 77
696 519
200 374
788 95
293 903
774 94
8 521
731 31
237 810
347 278
720 268
313 170
975 920
688 362
29 62
468 514
103 877
677 754
713 649
534 937
812 715
355 944
86 32
289 258
109 385
93 447
893 952
133 489
152 518
856 538
13 635
324 780
825 289
184 151
939 345
632 789
781 630
769 826
776 74
246 452
415 601
330 931
963 211
100 521
672 410
913 96
400 189
273 193
458 79
39 926
178 126
288 514
786 257
145 399
843 368
292 458
184 723
176 611
166 630
461 638
903 619
818 1
819 360
107 458
145 681
702 588
869 987
170 780
728 814
509 800
823 161
339 854
19 993
525 279
193 854
159 41
509 180
236 908
55 72
383 591
56 14
349 683
444 705
764 718
781 217
768 675
896 360
132 842
258 669
423 373
560 773
558 272
360 299
729 934
436 704
662 306
612 633
307 366
872 646
614 648
470 803
286 658
682 651
901 683
445 767
617 86
671 305
341 574
841 542
469 632
243 276
595 619
212 845
723 950
185 75
281 757
351 427
796 292
949 450
147 952
384 518
215 537
477 626
874 998
963 587
880 347
147 662
478 68
388 340
407 216
728 351
88 958
86 409
87 688
291 611
420 837
520 107
353 302
260 814
875 353
890 476
539 182
476 219
503 721
288 558
397 196
771 459
314 546
496 641
810 727
943 841
785 155
899 431
451 532
434 730
628 764
149 837
82 232
745 568
581 194
50 778
241 841
187 111
228 593
83 174
196 503
197 858
953 532
382 478
612 447
867 814
172 392
357 132
362 810
309 289
917 34
632 68
244 266
229 474
301 957
173 203
254 871
510 461
332 981
884 218
228 774
751 170
811 769
203 207
85 620
389 211
695 435
533 468
155 914
751 852
399 103
555 149
459 312
811 47
966 247
673 66
378 440
621 652
413 327
660 952
901 50
545 56
264 905
617 509
191 342
104 200
460 275
570 944
509 169
219 415
578 496
85 160
120 46
347 749
702 49
173 701
988 138
564 50
639 606
655 485
409 944
566 587
827 689
577 42
26 464
94 794
959 640
511 9
222 180
459 674
10 844
827 35
672 305
550 310
643 208
827 927
995 709
597 889
988 92
127 974
553 227
849 852
275 539
875 760
559 445
139 270
103 81
585 210
602 848
701 267
763 27
124 951
569 806
397 197
897 879
127 812
607 598
352 202
723 45
462 3
465 365
750 982
96 207
459 903
791 508
504 356
693 574
381 34
485 68
38 732
719 767
388 571
770 644
924 661
690 979
342 294
56 907
272 824
954 940
964 836
483 460
361 341
534 531
918 690
116 582
725 592
447 254
381 614
812 827
830 309
869 273
847 637
203 219
310 733
977 944
307 841
153 271
999 644
29 492
30 607
550 150
471 955
743 643
853 79
981 122
639 626
399 299
472 38
661 840
956 840
744 754
930 827
238 764
49 637
231 333
877 475
771 498
633 783
407 998
144 230
533 660
679 698
3 173
577 333
160 567
168 379
153 201
64 316
139 298
782 560
188 981
716 952
438 149
439 196
81 1000
85 992
211 285
374 827
337 151
101 374
802 827
451 155
987 381
736 59
438 439
759 927
76 272
764 905
93 611
618 370
134 47
906 92
157 198
413 124
676 550
609 525
777 969
587 961
394 283
997 104
897 416
945 431
845 42
208 49
483 377
963 931
985 671
33 58
711 470
911 48
271 145
326 230
330 697
53 329
904 655
294 109
801 287
325 585
347 725
139 829
395 663
746 478
469 362
531 227
788 242
790 636
61 48
354 58
541 454
766 879
400 190
496 279
728 98
356 867
51 611
41 205
300 558
84 117
265 821
18 551
79 946
876 264
370 697
577 685
357 909
784 689
106 143
715 539
148 488
799 203
358 41
750 799
124 859
733 83
236 909
422 842
37 397
33 138
376 248
784 303
841 850
942 95
665 92
314 50
524 161
267 200
551 72
267 48
388 620
794 747
245 907
105 248
489 345
785 804
492 680
183 453
778 167
531 613
768 113
915 770
94 799
132 504
852 697
580 559
264 688
742 975
446 152
263 450
394 319
323 367
933 746
626 876
938 304
721 64
668 585
501 680
191 172
504 401
303 486
360 232
548 739
298 219
423 777
190 108
377 619
964 627
233 527
184 197
773 19
835 486
144 723
507 873
305 515
130 983
593 680
869 523
950 836
294 792
981 50
982 341
86 414
662 599
868 163
222 78
577 77
260 815
482 139
606 208
771 445
869 894
658 793
158 775
24 837
334 678
234 169
710 205
947 269
641 970
605 313
735 682
520 985
6 708
387 322
689 966
192 314
283 661
158 515
714 403
970 741
914 593
936 169
439 110
188 814
83 192
822 370
675 260
842 712
935 974
330 491
828 382
222 533
188 925
407 637
729 743
487 691
662 253
646 534
477 505
618 233
653 470
323 783
931 204
200 66
272 575
2 712
812 185
319 347
194 908
638 127
823 987
123 365
827 284
261 478
779 145
873 78
727 319
877 622
493 357
96 497
993 613
544 901
484 120
690 959
195 487
158 249
988 696
8 706
971 471
646 237
460 80
777 146
742 634
835 164
489 992
574 771
557 591
209 481
798 843
812 547
778 671
337 581
964 742
658 441
678 956
681 159
761 602
388 442
856 322
70 716
769 865
990 781
298 459
248 754
835 736
93 242
674 702
877 357
60 193
446 978
490 738
829 115
23 60
939 735
282 246
799 591
47 426
213 926
202 224
277 433
98 366
687 250
49 306
451 610
549 912
914 546
537 741
338 208
508 736
913 730
205 512
996 797
686 49
987 626
605 63
673 711
329 216
789 153
223 829
774 455
131 579
44 160
488 810
258 196
182 50
385 220
99 880
6 236
978 181
902 426
559 865
621 956
15 711
399 164
992 670
938 470
372 634
502 569
413 8
53 33
76 326
811 253
333 369
122 708
294 356
132 327
26 974
831 71
172 576
471 264
985 307
270 205
825 154
654 259
55 789
829 610
117 944
155 671
378 332
105 524
470 276
146 54
477 520
169 879
460 346
243 666
65 142
985 461
423 229
990 862
903 957
649 166
999 532
817 1000
268 756
53 534
22 975
723 686
28 212
875 411
274 692
277 755
322 846
590 268
72 683
568 304
956 943
482 802
945 442
92 677
883 722
409 197
373 188
836 548
429 250
835 907
503 777
876 293
235 183
418 653
880 800
457 241
511 258
793 879
956 141
671 650
283 605
861 246
432 280
951 394
165 473
206 327
434 626
457 979
576 311
757 5
577 994
462 28
889 816
673 739
598 920
180 981
837 146
381 84
55 407
183 194
285 885
408 216
390 408
771 623
665 496
654 952
569 652
759 284
298 666
774 109
547 837
363 944
966 777
695 325
665 274
653 229
546 23
582 825
643 915
129 989
711 409
777 857
560 423
937 385
319 966
155 361
711 576
592 968
886 558
123 190
530 402
531 919
694 673
973 470
209 553
891 181
346 706
545 196
942 974
636 231
263 925
770 711
952 158
134 650
339 740
857 103
913 213
453 341
326 418
588 977
312 684
596 724
89 318
697 575
910 433
304 603
144 560
452 611
752 89
808 219
630 30
601 260
378 663
568 699
453 71
678 384
64 490
70 208
491 813
535 126
736 991
690 453
582 191
818 493
80 482
309 553
112 565
595 64
999 418
729 650
763 39
370 408
978 91
561 449
102 35
641 425
642 130
103 400
663 760
997 862
615 195
737 369
77 240
519 473
318 746
580 217
998 376
642 888
452 340
570 83
254 984
77 65
295 142
635 699
686 549
638 802
900 30
591 616
43 206
483 263
946 917
530 724
158 301
401 520
540 541
69 979
135 405
365 104
901 476
354 411
725 760
922 607
32 411
33 182
986 212
290 607
221 937
682 205
494 487
80 375
797 140
70 598
622 995
290 974
679 168
515 956
902 585
249 401
527 84
130 522
238 603
722 988
321 925
112 6
792 722
140 326
14 347
862 127
5 636
672 279
896 923
713 483
993 365
903 568
170 972
724 491
926 875
503 832
990 338
738 155
596 45
335 59
257 325
72 961
469 833
805 807
257 881
918 14
277 382
768 611
310 510
738 509
99 566
158 802
231 856
344 644
698 863
715 919
438 82
280 940
59 756
271 833
763 899
693 728
430 566
626 717
110 458
595 186
409 761
449 932
727 329
270 698
737 413
288 961
953 189
55 765
114 155
580 885
245 799
927 953
988 697
294 494
920 905
116 620
890 891
68 655
677 807
419 895
39 62
281 834
15 49
146 320
773 229
498 879
118 396
816 584
247 40
85 317
910 262
956 576
26 653
578 462
373 754
318 173
51 370
35 857
289 441
151 791
174 40
209 642
84 490
360 626
368 45
460 871
571 857
610 801
122 540
956 789
26 478
946 223
303 942
141 63
14 311
145 452
131 121
939 734
390 998
196 529
767 474
126 470
986 671
494 179
883 761
496 687
64 419
194 218
461 516
396 34
22 108
426 941
547 415
864 265
292 226
525 460
429 439
486 40
396 256
609 59
573 448
673 710
763 830
270 884
974 156
442 310
643 870
489 502
880 705
521 875
703 631
760 919
278 518
409 725
154 226
380 888
971 775
434 665
725 892
11 278
264 762
262 933
727 179
534 794
483 15
243 462
176 437
731 421
99 271
25 688
748 736
397 612
452 1000
256 620
80 160
522 859
193 838
985 419
786 852
592 542
579 791
440 544
714 562
238 928
424 316
410 443
208 659
136 496
857 10
527 829
929 518
398 963
93 505
826 902
1000 370
204 645
542 634
374 381
502 422
231 220
254 263
221 454
573 145
794 174
527 576
730 352
852 463
110 817
185 734
899 374
951 666
373 477
391 210
89 782
988 142
845 531
334 40
392 706
598 921
289 761
474 695
77 378
424 275
560 796
297 842
82 464
354 982
966 620
254 850
111 943
902 260
595 882
499 137
462 319
428 379
893 105
197 562
58 136
591 486
337 951
324 331
884 387
700 706
760 657
191 37
753 504
999 603
705 637
977 240
741 151
285 209
825 68
699 623
403 410
650 185
686 859
893 429
694 678
626 40
455 150
366 279
561 723
730 250
268 342
665 845
375 332
268 522
750 566
902 765
322 491
536 589
4 163
557 969
999 904
216 9
144 806
956 811
320 103
452 620
198 120
2 271
334 418
443 867
616 697
675 524
32 538
489 333
272 9
291 823
821 596
715 652
723 137
444 510
430 825
606 822
684 740
967 161
942 212
512 925
344 681
370 409
564 929
448 647
656 476
250 799
828 237
755 822
681 959
124 60
621 865
813 639
536 305
93 724
523 29
559 939
407 978
710 589
452 341
246 857
313 947
547 864
161 173
517 600
918 649
137 388
836 258
731 124
492 584
494 138
198 766
129 681
872 69
911 22
493 963
898 927
919 555
792 986
838 569
160 48
768 447
697 271
424 357
926 886
708 649
783 249
877 238
57 537
152 771
653 733
785 781
382 148
344 43
416 648
14 344
865 901
827 519
922 817
852 178
908 892
107 141
495 738
701 915
903 571
927 521
600 58
468 298
753 620
594 552
603 794
72 962
14 997
736 441
76 954
438 817
723 165
923 423
504 109
654 565
275 916
102 125
548 111
857 511
58 511
702 956
576 368
817 122
664 925
139 82
361 70
915 725
828 606
392 694
965 467
234 367
417 197
271 742
402 58
48 487
837 681
149 26
842 753
717 451
829 777
955 434
205 47
355 670
74 540
108 958
107 789
327 732
759 761
824 976
836 358
198 843
767 144
401 863
88 545
437 334
76 2
960 917
963 778
839 359
497 428
869 732
602 505
416 950
401 166
330 772
209 641
959 852
645 220
903 1000
71 483
448 584
982 375
634 168
317 236
819 22
869 753
107 216
319 621
903 654
316 36
743 463
454 478
519 958
683 724
425 740
373 166
672 675
253 560
552 153
149 757
810 721
359 164
334 100
370 767
6 561
443 137
7 264
373 504
675 290
324 156
144 298
672 351
651 317
242 660
573 560
250 855
569 517
328 949
400 610
112 860
318 720
46 547
323 122
585 275
971 774
163 965
275 767
812 46
480 591
676 525
751 203
853 104
385 508
59 517
647 508
198 804
751 56
332 218
121 291
698 295
43 934
553 981
236 644
77 763
20 901
706 237
193 505
434 488
307 842
424 400
613 874
303 254
657 227
977 599
134 684
138 675
705 77
943 447
726 805
13 134
239 979
238 643
959 673
196 999
157 828
481 15
227 767
932 130
18 574
607 256
511 191
576 252
335 77
528 383
526 286
364 467
64 319
549 360
475 503
166 808
392 897
853 994
486 213
901 601
624 438
928 930
819 607
859 666
310 86
333 207
950 647
119 706
444 680
584 147
931 134
91 421
301 600
862 829
177 586
81 24
744 488
493 299
822 34
850 748
100 403
906 42
764 874
466 741
565 887
786 516
753 511
885 671
320 670
691 897
706 572
398 497
56 136
826 500
333 740
651 707
394 632
473 33
610 674
649 486
243 715
405 320
543 966
803 877
29 461
71 86
570 723
994 295
631 62
298 510
654 115
801 397
804 548
383 209
973 647
575 727
134 795
377 392
1 447
621 149
624 903
41 161
11 417
246 250
429 826
570 665
804 282
587 154
553 30
713 586
829 185
344 797
109 739
684 967
520 800
409 167
301 401
174 97
62 884
453 214
760 276
933 638
121 350
103 154
287 83
765 309
849 546
704 299
851 44
358 44
988 147
382 422
275 1000
332 719
835 369
371 147
758 525
109 433
500 821
229 337
529 609
548 219
586 914
510 42
572 705
160 663
604 82
54 55
414 524
349 585
336 296
618 620
949 778
879 457
238 451
565 730
828 776
958 939
872 424
911 371
755 373
31 822
173 5
259 521
756 585
373 619
959 212
285 805
56 19
94 463
274 25
497 391
995 128
78 740
672 360
753 86
881 25
97 746
527 250
929 739
442 353
40 918
352 920
739 20
23 311
725 73
835 521
553 344
437 813
886 244
942 714
250 154
487 155
1 151
74 460
420 208
848 539
79 893
705 166
49 698
416 599
199 692
554 965
220 683
480 434
628 585
420 438
758 220
761 104
858 978
984 265
453 202
755 582
718 638
921 280
374 580
927 470
604 353
288 895
163 125
242 542
961 664
537 473
42 793
920 260
728 556
675 103
695 120
479 765
120 284
984 837
713 265
91 493
276 9
208 335
997 961
485 189
825 816
341 990
603 487
846 461
935 412
973 41
445 624
122 244
356 61
449 373
546 93
674 134
507 443
553 879
492 429
589 25
717 36
901 429
543 632
268 798
950 618
986 925
543 23
846 555
613 996
213 502
450 968
397 719
34 523
806 373
113 2
331 87
539 554
665 923
958 48
490 956
237 417
790 729
260 232
123 326
820 416
696 238
187 997
388 308
430 331
105 960
809 83
24 821
518 901
575 636
417 971
835 771
505 484
567 572
680 960
96 459
279 256
197 119
709 492
175 576
88 474
896 647
783 769
509 278
805 985
700 225
45 980
181 227
988 789
126 1
241 873
666 160
279 599
599 578
525 347
90 638
146 828
646 753
900 769
780 879
488 813
668 667
971 936
132 782
370 305
560 193
959 436
998 183
466 988
765 152
840 81
859 863
238 264
862 838
648 375
51 871
458 815
111 107
646 930
709 101
617 18
507 470
698 437
521 468
850 664
372 756
432 513
397 529
214 66
566 279
539 878
399 435
273 813
187 803
4 939
668 338
929 826
435 49
995 41
597 229
704 62
660 57
661 852
155 47
193 144
601 19
199 862
694 850
535 256
386 793
60 224
503 740
625 262
370 943
261 18
376 292
753 602
500 141
769 748
201 104
93 10
921 295
616 893
359 203
987 546
3 298
513 681
172 302
120 7
345 998
783 906
456 9
573 482
962 879
600 384
15 913
872 105
475 148
662 184
85 861
237 110
483 526
365 975
919 744
941 689
391 656
414 819
213 474
280 307
56 794
720 257
406 850
816 820
947 554
730 934
531 811
380 211
590 330
100 242
781 655
696 985
125 513
234 928
246 319
553 632
677 479
41 373
958 456
838 610
568 2
363 398
950 892
155 410
568 497
236 921
736 851
78 721
810 338
133 463
155 11
174 789
31 628
838 268
677 130
662 574
238 668
442 597
89 835
903 832
636 203
463 249
196 964
341 491
473 525
607 214
412 952
287 316
607 359
171 799
596 20
932 54
625 524
534 198
330 352
150 223
814 54
966 285
223 827
755 538
917 311
644 529
41 636
872 862
615 62
687 413
504 450
1 63
736 253
561 454
49 170
523 725
396 601
1 15
129 114
993 883
8 893
119 673
154 551
798 260
231 535
418 80
543 464
391 871
828 922
812 503
603 410
87 37
343 159
971 606
792 123
975 970
916 162
691 879
690 870
531 726
971 559
406 894
798 960
584 332
511 591
118 423
299 379
220 799
459 113
242 323
596 662
541 19
561 765
786 154
900 150
976 308
246 394
749 33
473 222
825 433
402 290
593 573
80 392
153 916
160 272
967 511
315 751
994 443
44 854
406 277
664 162
804 680
531 368
901 603
293 173
41 156
539 141
574 371
412 621
934 942
460 944
871 470
487 457
318 841
488 532
231 964
204 285
749 903
453 346
457 799
497 730
605 72
538 899
477 501
478 822
728 557
909 552
966 539
770 302
663 537
799 604
577 856
944 69
11 158
824 667
695 232
842 620
989 459
718 59
498 422
137 708
10 90
928 713
821 346
34 68
347 183
773 447
352 524
703 818
834 703
392 406
776 314
368 533
60 955
977 173
6 433
635 969
636 358
46 854
15 397
60 810
602 165
66 342
877 797
328 742
852 685
9 77
855 810
344 380
87 412
470 268
627 699
593 383
709 885
375 385
54 497
887 490
29 436
682 462
481 263
32 247
58 891
717 760
153 549
193 292
620 389
16 283
696 461
53 720
118 762
24 822
961 831
581 510
560 657
691 82
322 755
567 575
714 209
236 269
827 914
530 626
526 256
165 744
64 469
874 305
818 194
837 166
236 745
641 603
344 581
334 257
760 333
598 769
575 294
179 561
757 352
927 90
140 824
718 373
900 770
943 684
927 235
306 739
92 176
220 381
383 915
98 769
906 978
637 492
705 723
124 257
6 115
778 232
949 833
399 160
461 167
318 304
893 164
252 44
4 743
349 850
1000 54
198 624
373 470
661 415
111 328
247 11
66 475
48 626
530 426
640 406
510 942
840 571
282 739
322 224
90 324
813 570
769 935
235 477
612 193
351 127
99 494
482 506
781 588
714 561
52 952
398 164
806 225
147 868
222 488
795 848
139 788
434 200
146 212
94 166
60 370
558 753
649 827
528 964
356 741
657 224
160 344
967 455
661 964
631 890
416 178
567 658
144 844
472 329
951 627
18 685
862 58
169 303
401 163
109 765
572 251
939 844
724 46
743 322
128 17
255 164
202 304
127 454
904 564
410 293
619 65
504 303
641 679
571 290
975 12
758 948
157 669
804 986
768 558
599 609
84 530
694 351
276 492
609 476
741 720
530 128
484 335
840 255
324 400
993 967
560 238
387 858
633 616
450 474
586 606
777 611
355 587
185 8
39 157
439 647
553 789
825 984
275 507
284 379
18 299
147 53
594 778
400 287
389 144
158 471
312 465
670 434
503 135
307 168
164 743
339 635
530 176
360 344
576 542
630 449
725 835
354 68
136 495
209 719
490 516
579 543
697 722
936 374
866 235
39 519
99 232
451 883
51 77
273 187
293 136
813 961
342 719
367 127
745 804
560 65
45 889
460 169
14 524
491 801
40 391
295 753
421 566
707 753
525 384
283 573
193 761
361 333
32 763
220 144
455 795
775 824
834 605
249 640
604 270
628 388
828 710
70 261
49 649
758 515
449 803
953 627
515 404
112 791
242 730
25 128
907 46
90 934
509 912
637 845
225 601
246 813
630 52
820 628
272 758
755 89
422 696
423 81
9 302
229 130
871 599
837 579
343 158
237 887
437 85
168 950
267 570
614 674
324 569
316 761
433 352
800 694
213 367
271 67
995 309
156 129
859 322
221 933
26 693
354 262
155 347
907 968
894 840
679 164
916 618
477 588
593 675
28 122
854 202
252 536
990 794
437 954
973 728
958 372
796 119
601 217
195 872
75 142
4 130
571 686
477 927
60 169
69 157
835 809
821 710
326 172
58 582
279 22
170 968
525 194
230 328
467 6
182 468
841 309
400 957
329 105
719 316
22 68
170 859
724 102
582 12
538 238
386 147
580 613
429 79
16 252
298 71
112 597
305 996
828 379
794 391
120 64
762 499
154 189
87 292
931 98
895 317
733 178
491 555
599 553
67 360
712 915
713 190
162 428
827 418
976 536
263 238
487 908
369 7
129 206
612 539
246 777
780 939
802 239
640 254
988 774
238 477
330 628
811 775
688 202
172 827
923 917
730 893
413 63
586 165
737 820
733 630
663 879
133 928
320 681
462 532
377 808
540 637
389 71
82 987
191 207
512 198
217 832
844 171
510 947
156 216
852 686
247 36
506 366
568 221
71 650
200 737
441 761
726 50
599 288
412 398
61 913
47 226
322 447
22 548
577 179
632 962
908 573
981 209
857 931
605 709
771 271
75 170
937 27
294 648
623 393
415 684
736 651
899 211
776 358
447 799
913 947
736 634
611 810
994 190
408 517
390 629
211 184
822 616
698 682
255 290
40 432
867 517
170 831
101 265
586 103
469 865
963 418
101 634
728 748
76 808
666 174
888 498
706 416
804 968
931 30
382 508
223 824
295 415
525 682
589 503
880 709
662 269
632 102
225 528
408 112
941 396
637 491
216 953
747 631
65 3
256 36
538 646
902 431
301 556
216 808
604 139
879 3
665 313
81 66
63 246
467 985
347 790
695 493
418 379
853 5
243 466
725 602
392 258
691 934
375 209
788 180
142 882
697 249
556 836
807 697
587 550
437 687
7 653
726 239
490 783
289 488
199 165
181 682
539 520
388 500
688 562
66 250
433 677
14 74
922 547
817 995
181 588
313 700
978 778
522 520
815 141
446 608
654 5
661 937
457 265
296 137
98 45
378 781
126 615
550 453
278 152
510 524
897 413
71 435
704 36
524 887
227 625
636 755
43 331
35 258
457 477
741 876
387 641
230 483
31 214
107 372
240 595
162 154
222 583
775 727
922 185
542 742
413 562
107 261
969 226
163 55
892 662
245 671
564 969
103 337
50 607
641 320
327 861
552 293
755 862
718 342
315 321
160 654
512 723
287 815
607 854
756 444
977 441
98 802
197 574
181 345
112 970
727 226
512 497
985 524
419 733
651 998
121 989
858 238
290 338
440 443
938 326
655 871
881 272
811 109
851 796
677 873
910 339
640 371
849 823
808 757
551 103
945 449
354 355
372 1000
431 485
753 175
277 975
838 608
554 59
757 592
299 588
563 267
937 194
331 383
667 505
192 903
784 699
198 237
571 645
438 668
934 817
634 239
999 789
144 169
307 359
952 624
790 336
892 884
525 221
875 152
382 888
679 852
244 889
988 379
145 674
187 491
796 583
969 13
842 261
718 400
116 34
443 178
637 704
107 737
480 445
627 314
928 961
28 927
875 740
470 600
660 504
585 351
270 675
782 415
988 908
863 800
422 558
923 795
750 754
493 379
440 377
917 233
993 595
190 421
708 846
649 455
68 676
200 409
533 441
591 631
981 535
615 441
988 577
151 273
419 838
646 251
351 259
564 400
610 722
152 762
942 781
402 126
735 335
773 942
77 529
631 110
961 390
155 340
520 372
950 862
790 675
705 921
943 387
601 216
140 492
801 430
855 727
786 442
662 617
574 165
26 455
246 170
325 841
198 201
623 728
420 211
944 989
887 727
550 269
611 817
114 843
903 567
248 297
430 127
559 578
36 18
847 490
233 168
629 46
286 162
563 848
983 619
523 693
841 22
14 920
127 817
999 764
22 423
262 374
634 711
852 370
84 740
888 103
353 717
194 715
447 271
984 985
788 329
851 299
391 820
284 220
180 569
366 804
718 57
152 26
299 157
872 745
599 782
289 903
538 820
445 540
634 891
980 867
214 347
471 360
585 428
66 322
121 917
15 399
18 481
829 999
812 763
688 297
527 352
51 603
930 362
125 598
808 830
91 938
984 836
29 144
161 280
610 617
253 449
403 327
5 391
504 644
913 374
364 912
517 124
99 234
795 886
356 636
907 836
322 444
142 211
491 287
972 294
430 334
787 907
946 216
306 123
218 671
330 117
198 226
870 635
303 794
74 126
662 855
23 171
891 557
164 67
844 989
719 275
353 926
349 996
672 534
582 105
624 319
788 920
221 159
63 684
429 434
604 320
533 972
771 859
375 868
601 497
689 198
410 481
291 446
21 9
595 236
483 646
29 750
370 300
832 633
335 606
48 40
584 202
234 335
660 295
57 334
864 842
572 635
612 568
336 499
617 902
581 739
105 186
652 437
416 443
829 863
492 750
848 350
337 991
780 735
820 988
687 260
867 382
474 16
681 440
977 143
480 929
356 220
640 79
431 738
324 626
552 789
807 71
664 495
739 917
29 195
726 551
512 163
380 313
808 794
781 761
963 746
659 37
756 747
316 896
763 105
998 976
857 156
285 923
36 519
952 136
347 718
939 386
789 653
660 552
644 85
921 744
960 258
563 351
109 985
883 954
847 543
829 32
408 836
834 406
139 756
487 220
153 908
459 583
173 461
763 405
925 894
857 856
272 34
187 337
84 975
675 740
322 836
490 482
399 812
736 502
827 801
188 893
135 806
562 14
267 374
303 388
182 327
607 546
723 97
872 869
600 276
582 228
16 197
129 506
375 707
301 220
250 772
181 653
495 218
887 239
682 799
906 869
160 655
872 92
733 874
606 520
77 198
356 373
707 851
464 195
163 997
241 453
495 440
479 583
82 751
484 175
910 903
896 81
272 795
149 427
868 821
87 243
346 59
43 105
337 852
584 339
554 375
789 748
591 688
890 559
268 801
548 837
308 482
19 113
750 638
979 835
318 159
378 362
380 460
751 687
312 852
5 479
163 15
599 491
677 429
807 988
701 311
577 201
761 532
156 972
106 675
292 284
442 737
424 428
78 985
311 531
923 3
813 354
636 562
359 437
472 295
218 855
577 388
338 368
502 391
218 966
58 531
735 703
296 900
758 244
876 263
677 436
475 422
794 62
79 40
82 252
465 652
874 352
451 433
268 169
306 500
791 351
465 385
992 106
611 720
393 601
874 2
33 546
324 103
254 224
639 603
575 318
595 164
708 397
579 942
589 446
778 223
431 983
267 862
585 303
882 283
693 532
537 140
901 659
910 611
693 273
696 555
59 973
146 692
608 375
566 696
114 192
828 772
357 300
510 778
313 206
351 258
426 87
412 611
203 539
284 345
912 914
30 365
109 460
511 584
422 491
389 242
854 494
485 601
555 79
721 347
406 607
701 490
60 470
186 777
687 683
854 200
450 642
605 846
531 151
754 372
520 388
557 919
744 674
709 944
506 157
469 279
688 811
308 651
917 803
115 494
465 812
924 301
429 905
47 46
527 880
841 473
967 393
970 191
256 917
64 46
706 661
396 165
420 35
573 99
667 226
557 214
839 992
766 933
571 398
239 768
770 274
207 74
582 2
892 942
609 160
827 873
865 30
573 325
850 330
500 119
852 268
429 77
909 835
399 661
536 394
427 692
653 382
737 181
149 47
465 394
401 670
234 217
936 605
957 825
372 335
120 288
157 357
730 601
241 572
58 218
519 158
327 759
269 651
142 634
125 130
41 207
752 776
927 935
94 738
590 231
684 152
150 772
410 944
448 394
919 868
523 363
195 266
256 390
100 181
229 535
600 987
402 99
702 174
406 635
748 920
562 415
199 80
928 482
728 971
908 680
467 488
708 746
951 842
626 335
903 999
338 647
890 168
965 570
876 195
506 177
142 323
364 183
438 682
365 394
757 952
697 234
979 498
653 845
502 301
218 668
718 781
511 49
719 508
580 790
102 470
726 764
412 588
369 681
598 639
624 161
738 185
357 636
13 267
874 297
841 160
240 553
47 544
962 514
805 598
867 741
101 457
509 116
718 376
884 96
556 781
564 347
413 846
811 932
935 713
462 293
580 625
964 111
175 896
345 729
533 30
368 854
475 938
77 178
462 340
745 88
229 119
357 386
512 279
626 973
608 320
313 36
545 337
698 433
347 261
632 437
483 325
157 28
33 22
971 488
315 848
501 617
392 147
69 917
656 884
752 537
490 781
429 670
360 965
770 762
199 52
19 306
103 913
563 305
290 943
682 417
530 109
402 504
444 3
706 682
688 993
636 559
198 22
75 985
973 960
406 67
870 612
102 498
636 670
549 49
329 86
663 41
370 714
231 43
362 150
934 580
563 794
68 452
210 221
452 955
35 149
664 707
19 972
331 878
978 479
512 951
654 758
125 262
14 849
879 621
400 677
812 930
59 120
850 165
614 202
178 842
943 732
72 253
219 894
342 924
132 863
116 238
86 514
802 819
271 692
92 151
558 364
690 540
728 322
341 545
432 963
608 364
303 4
497 803
156 410
376 672
547 731
155 123
643 920
520 425
474 245
204 430
223 466
461 473
172 908
588 982
593 410
976 46
151 518
371 532
962 241
281 481
143 418
881 487
20 415
316 566
62 54
925 364
657 534
469 16
531 13
787 119
716 55
827 685
12 599
259 718
933 818
829 353
338 700
212 450
736 855
292 285
75 231
277 687
995 982
175 192
770 992
454 121
834 507
66 965
498 460
507 641
885 736
93 449
314 535
957 511
980 64
597 54
162 963
400 84
900 641
723 798
279 324
905 749
8 935
343 625
309 897
914 613
405 414
579 272
447 567
486 27
235 293
788 593
291 27
287 620
277 212
727 604
1 146
371 816
242 582
41 753
10 320
28 921
432 50
180 944
824 457
275 604
385 236
483 705
29 725
124 725
955 319
836 106
489 321
346 250
807 347
576 852
332 825
3 875
557 304
820 998
334 580
534 608
497 207
63 8
251 824
4 698
920 803
43 84
483 157
644 490
935 213
341 136
622 123
164 695
860 692
901 369
886 956
564 176
895 678
784 838
374 243
679 860
895 567
813 768
777 314
49 979
766 800
382 553
437 808
921 679
888 942
615 517
248 589
710 283
947 119
411 704
39 949
706 658
378 835
986 642
326 163
292 23
831 58
957 259
541 708
501 643
653 10
247 679
529 4
684 636
184 871
442 371
61 447
700 218
392 975
874 325
713 65
107 318
220 119
181 977
127 640
590 808
888 72
709 566
488 822
586 947
491 701
498 339
278 637
255 947
673 541
61 699
124 761
399 475
718 63
59 654
498 418
650 295
501 961
444 988
375 936
694 36
200 296
642 899
646 955
959 384
853 565
32 130
985 573
758 932
437 438
707 72
446 188
530 563
323 307
363 782
95 735
354 455
47 536
548 783
473 499
644 462
811 452
958 53
799 201
857 134
133 239
222 496
539 478
337 310
322 442
141 527
165 80
701 382
795 249
320 135
13 156
251 497
557 706
921 643
830 813
908 911
340 57
692 790
143 606
662 762
781 232
476 312
277 441
156 455
374 667
352 827
352 485
889 194
961 605
11 754
963 602
583 450
516 393
997 556
413 555
841 940
771 861
96 105
41 696
685 255
82 84
870 133
547 226
362 996
950 237
262 968
850 81
922 322
742 67
301 775
267 187
231 714
881 813
309 268
975 763
232 279
638 899
966 906
533 29
183 404
702 700
629 580
522 270
100 278
962 601
335 713
29 782
837 631
203 615
573 925
873 163
820 990
414 875
308 234
716 735
717 114
747 438
294 269
226 591
998 613
802 464
215 773
473 350
272 991
518 508
242 165
686 838
146 415
826 589
39 424
425 364
898 428
83 776
434 128
821 214
56 464
294 126
837 312
227 41
326 303
844 424
23 261
80 453
189 253
190 782
485 882
89 441
914 186
843 96
725 12
965 541
416 694
145 8
787 937
511 71
889 275
961 878
840 99
448 71
321 719
585 522
808 231
874 548
540 294
66 983
322 723
107 75
93 148
274 590
80 769
780 452
123 933
127 917
878 823
737 929
365 800
672 564
12 45
909 825
468 479
364 208
681 682
542 741
814 910
196 417
732 787
491 615
59 764
138 358
267 86
250 770
244 292
394 95
271 695
291 301
475 24
992 430
229 25
140 574
931 285
992 547
688 6
561 776
944 144
756 341
877 558
256 178
538 520
480 976
929 157
532 110
219 886
208 42
405 640
941 590
220 553
602 246
358 928
631 353
777 210
741 225
246 641
75 299
332 474
540 727
284 21
621 476
683 422
806 182
40 529
352 771
829 271
423 578
227 69
781 620
817 947
431 87
354 624
553 150
757 605
406 659
395 654
584 785
240 39
347 861
956 869
705 35
304 415
481 805
178 229
160 376
235 988
184 622
425 772
279 320
66 622
416 577
330 139
774 936
444 151
357 722
249 57
473 641
166 620
923 291
391 265
432 326
982 770
785 326
236 736
989 62
706 960
413 681
720 888
711 518
461 854
408 286
597 538
906 558
936 980
59 903
666 229
836 181
893 804
345 886
99 323
845 897
628 55
668 926
116 195
867 909
266 166
711 984
927 175
710 565
971 887
864 133
537 225
595 791
483 593
286 76
346 251
168 811
284 693
211 911
163 528
94 772
920 949
613 232
741 35
320 833
967 545
270 371
272 904
973 144
213 363
916 272
384 609
204 34
830 506
285 831
588 184
312 899
593 278
612 54
578 482
136 81
464 718
372 975
322 292
424 364
425 53
467 462
985 13
626 390
700 544
630 289
531 262
880 420
735 110
937 35
386 811
98 97
959 662
219 801
435 266
468 800
183 696
387 431
230 765
984 497
567 726
986 643
844 549
169 363
247 178
193 637
474 818
148 695
44 204
704 111
922 986
761 114
745 661
382 234
954 491
365 1000
828 384
500 113
176 871
713 64
788 630
510 142
607 612
577 561
997 664
84 743
361 446
362 897
201 261
987 271
849 290
461 92
499 217
64 906
893 953
944 444
955 346
55 851
401 706
903 34
632 300
483 474
854 703
858 306
786 567
958 841
998 638
360 190
110 14
682 887
42 470
122 600
393 128
782 426
910 671
68 518
990 585
863 709
740 16
228 332
356 281
385 853
731 748
666 933
522 641
108 392
326 339
364 34
131 323
350 85
924 674
481 282
40 773
545 977
749 401
677 244
861 631
787 908
367 90
700 699
80 760
154 275
72 696
605 626
735 979
296 32
478 328
814 294
728 35
732 635
258 100
496 679
204 744
541 679
980 121
781 120
231 1
754 858
538 351
761 14
943 996
638 452
112 486
828 420
79 226
335 148
841 55
993 220
586 349
103 297
585 58
822 313
127 679
846 435
793 37
633 294
10 281
673 591
106 494
560 199
408 116
29 668
964 105
324 456
362 647
845 218
718 24
646 789
567 375
337 67
194 972
413 110
622 500
90 781
487 829
24 179
977 115
797 264
980 898
177 619
52 321
200 468
60 852
225 871
265 24
449 299
691 186
270 299
30 482
542 503
590 241
855 852
323 447
310 683
276 623
212 621
269 418
894 821
623 345
915 400
208 764
356 396
852 66
757 133
94 171
208 538
317 152
390 588
303 997
711 40
199 852
377 995
810 267
575 521
154 375
649 303
876 120
576 836
867 327
504 863
50 23
400 106
122 579
978 699
151 503
889 108
48 674
429 241
471 645
433 948
952 694
61 134
705 386
429 2
586 505
115 869
617 555
84 795
171 959
327 272
624 429
668 407
132 970
963 448
236 818
664 995
387 816
560 627
488 783
305 367
83 414
499 145
266 18
530 967
414 170
487 976
719 131
789 934
439 621
615 468
908 53
285 391
380 11
272 798
99 629
66 278
157 77
638 670
358 929
252 444
517 782
241 181
646 162
886 551
372 123
17 740
90 434
994 732
795 533
892 227
307 175
289 392
551 496
994 335
955 959
905 198
134 579
30 929
144 624
734 661
668 35
909 263
692 169
469 368
36 693
757 973
630 373
558 534
30 368
154 888
434 120
202 236
545 522
72 752
805 40
69 709
387 936
875 100
297 466
995 519
528 338
372 93
990 270
816 477
468 508
352 967
720 889
165 572
59 41
520 517
44 323
361 449
968 375
823 43
456 43
383 624
188 610
979 857
802 994
935 514
405 239
172 46
410 599
346 443
73 695
96 368
208 346
301 991
659 565
368 912
936 642
276 227
314 282
906 102
634 867
177 546
196 805
713 624
823 751
708 829
863 124
103 821
915 893
54 475
863 595
316 758
636 463
48 672
838 791
547 582
38 847
450 526
607 859
307 794
569 115
592 60
845 294
902 951
373 741
288 125
108 278
432 993
726 922
299 984
643 434
22 541
994 435
529 634
908 534
1000 719
213 174
2 457
260 785
709 590
57 699
514 556
435 269
771 423
700 263
115 737
421 354
799 718
478 365
528 656
620 46
213 896
809 137
408 558
129 771
410 68
305 922
457 39
951 515
301 494
211 980
879 961
883 514
44 400
154 240
84 881
198 222
235 263
96 511
242 537
822 338
348 173
386 398
84 599
917 55
646 671
16 763
799 607
11 148
33 700
50 754
234 343
113 622
845 821
461 44
501 975
319 210
500 146
110 301
682 594
993 627
561 855
488 101
492 177
954 782
538 577
246 556
713 870
555 142
848 404
646 219
869 482
13 726
109 429
493 14
445 629
749 221
894 798
290 632
593 369
759 388
249 986
49 787
502 919
627 558
666 930
83 588
1000 668
912 558
231 361
774 833
189 72
869 934
13 154
506 188
170 631
905 504
420 243
406 442
687 31
775 631
692 903
514 419
680 967
112 313
974 553
97 203
631 690
465 559
66 710
984 381
288 740
525 76
315 237
705 421
81 724
12 11
231 913
774 659
850 551
560 523
653 270
968 288
749 869
76 805
131 572
702 269
837 450
215 338
181 430
71 782
331 933
720 98
897 6
941 309
525 566
912 831
608 212
850 881
711 816
414 222
332 835
557 374
959 422
553 803
56 773
76 376
333 359
214 234
952 319
111 342
494 330
985 313
512 167
640 364
768 337
806 313
627 748
111 455
773 192
523 537
434 485
964 701
365 184
983 872
207 693
515 550
334 808
961 66
928 117
857 17
820 387
860 924
22 965
633 570
419 300
744 765
965 539
204 559
101 965
248 391
162 843
607 251
403 803
979 256
652 426
339 929
891 604
123 566
141 171
222 814
353 77
631 662
119 817
840 553
679 828
277 332
120 927
12 47
430 810
162 668
624 351
589 803
111 611
934 714
228 653
672 933
979 887
434 616
571 169
699 476
519 367
483 857
873 321
926 725
374 822
323 800
49 206
15 926
220 424
186 104
594 157
759 885
817 186
141 704
907 9
612 585
703 658
794 666
707 855
223 569
55 464
998 293
176 364
548 540
732 337
272 799
778 25
411 592
671 470
94 697
384 744
459 364
890 696
281 656
673 150
214 246
52 213
133 116
651 763
891 222
194 98
583 764
808 762
37 69
113 114
648 835
479 7
942 869
446 340
967 242
414 758
221 972
259 307
544 387
801 276
655 433
363 391
598 165
624 800
696 173
623 594
39 573
51 83
355 457
619 884
305 748
90 843
883 779
758 89
349 927
465 998
743 271
49 743
812 25
197 423
520 808
524 531
535 112
519 527
340 704
641 645
664 546
318 807
743 66
470 893
988 107
550 934
955 82
560 930
926 305
965 341
380 731
309 721
864 40
519 322
825 691
328 496
438 366
854 550
821 295
894 295
682 639
422 690
487 17
711 760
358 608
824 484
785 930
551 851
661 255
977 186
116 530
355 762
981 530
133 846
381 434
163 739
111 281
521 277
99 737
405 674
299 483
934 976
413 375
17 566
324 950
184 97
611 805
591 656
759 306
561 613
838 935
180 21
972 89
211 179
498 547
961 409
815 354
84 472
356 581
450 670
531 155
734 216
522 648
222 426
459 852
575 354
298 474
35 645
135 678
541 447
891 806
639 396
87 821
112 143
922 774
317 816
445 379
504 809
891 663
697 978
511 238
83 495
425 491
946 19
32 575
680 123
737 894
918 405
351 759
280 617
672 527
837 203
362 237
948 884
651 443
849 518
992 774
372 181
887 790
768 748
549 441
625 771
560 846
193 720
322 94
915 732
272 554
992 505
104 745
525 529
431 774
250 939
750 544
56 524
241 560
320 897
962 624
531 541
767 723
806 673
688 192
785 463
733 624
980 340
377 818
121 920
711 621
52 286
643 981
471 724
879 203
994 931
367 935
375 120
13 725
129 729
142 779
255 902
95 873
26 864
354 437
959 240
468 701
351 36
397 711
878 384
756 804
43 851
192 695
445 219
448 289
268 628
490 932
972 204
490 133
27 231
207 723
882 673
331 173
136 429
355 291
818 697
636 912
36 718
594 783
576 971
468 813
78 818
776 364
160 538
600 112
856 26
430 45
452 685
487 725
292 54
365 680
314 714
634 403
67 782
145 732
184 774
685 474
278 976
452 835
89 911
699 322
679 1000
561 293
248 40
49 9
968 289
233 128
42 850
477 417
957 631
707 604
764 667
951 89
885 469
258 460
284 938
28 988
413 842
567 105
715 826
296 265
922 916
225 554
909 594
172 247
266 124
106 383
931 354
131 353
459 860
722 165
746 303
727 460
254 542
973 116
439 696
9 295
372 589
302 924
637 199
488 66
17 988
733 596
21 712
82 550
356 217
103 892
381 634
622 71
185 320
5 85
905 95
727 336
434 481
894 827
754 214
65 155
393 412
772 254
507 810
933 794
471 847
240 175
437 587
170 310
890 345
416 858
329 495
912 404
18 24
89 309
731 1000
680 646
771 337
374 472
503 764
287 435
269 100
793 602
331 439
121 111
763 424
514 388
932 139
364 437
757 186
321 743
801 804
770 173
628 649
68 962
466 116
714 478
390 373
429 401
103 254
659 972
624 431
171 614
797 934
708 263
103 335
989 362
620 255
81 885
23 654
671 34
929 455
638 83
180 591
43 305
615 321
267 809
106 339
573 845
977 460
959 372
707 231
525 938
158 173
345 426
458 843
989 701
169 756
507 394
996 94
66 391
964 508
603 84
531 969
698 424
259 532
406 965
851 802
885 473
699 726
138 618
378 375
820 66
783 126
731 697
894 855
471 994
274 90
238 987
328 662
539 490
743 842
393 440
670 178
153 708
552 402
667 511
575 734
139 646
486 723
378 952
938 678
723 964
460 678
815 28
84 10
751 941
549 64
198 118
787 567
681 88
170 861
351 540
840 759
997 258
143 768
862 424
974 614
280 526
745 702
284 339
102 365
141 351
220 248
813 365
872 823
793 961
81 951
228 674
451 325
842 414
936 983
591 57
993 794
244 404
48 151
932 355
770 322
828 588
423 360
614 69
638 79
965 485
366 786
975 700
264 606
873 94
512 292
17 890
155 963
58 178
332 821
538 760
778 171
686 560
530 696
270 455
323 722
897 367
592 641
578 684
247 315
310 689
425 307
800 854
791 328
669 180
925 42
449 273
912 919
825 110
844 190
792 353
995 314
777 243
981 883
30 737
803 931
683 137
246 275
881 583
290 965
476 748
303 185
415 915
360 656
551 502
520 24
539 276
743 819
173 622
598 305
912 482
914 272
424 28
744 581
653 949
876 66
783 534
614 417
827 910
272 700
723 849
943 860
59 361
885 45
211 307
871 462
837 202
895 452
274 804
675 64
317 642
174 245
659 919
802 745
254 39
680 154
37 515
558 95
796 720
712 779
81 769
732 214
749 784
291 392
922 334
245 593
447 309
799 32
76 737
920 327
689 567
608 202
579 347
102 804
360 387
34 158
414 224
987 46
181 155
518 234
294 777
423 114
462 748
854 690
129 993
829 880
43 523
341 854
10 202
588 505
237 229
608 391
117 831
977 822
673 93
340 191
199 297
551 84
700 882
60 657
8 300
963 756
30 733
514 970
293 540
442 977
761 757
522 829
13 950
160 86
959 977
660 530
365 500
449 624
316 216
1000 557
782 997
486 735
255 453
535 759
4 365
834 396
372 498
210 581
277 596
247 534
801 686
490 377
195 91
127 108
149 650
496 730
447 917
230 367
291 249
850 408
468 455
842 244
480 29
957 517
137 812
999 398
966 349
658 674
629 189
685 251
82 80
135 222
287 931
733 239
992 23
976 620
614 178
284 939
581 971
799 4
68 18
215 221
162 459
401 897
664 825
647 208
760 930
279 844
928 894
67 474
820 644
453 745
315 536
523 172
165 843
396 895
57 449
350 734
283 317
579 452
601 700
